0.001   49.714   -6.624   -0.000   51.422   -6.770    0.000    0.021
0.002   49.929   -6.644   -0.000   51.637   -6.792    0.000    0.021
0.003   50.166   -6.667   -0.000   51.873   -6.816    0.000    0.021
0.004   50.402   -6.689   -0.000   52.109   -6.840    0.000    0.021
0.005   50.617   -6.710   -0.000   52.324   -6.862    0.000    0.021
0.006   50.831   -6.731   -0.000   52.538   -6.884    0.000    0.021
0.007   51.046   -6.751   -0.000   52.753   -6.906    0.000    0.021
0.008   51.261   -6.772   -0.000   52.968   -6.927    0.000    0.021
0.009   51.497   -6.794   -0.000   53.203   -6.951    0.000    0.021
0.010   51.733   -6.817   -0.000   53.439   -6.975    0.000    0.021
0.011   51.969   -6.839   -0.000   53.675   -6.998    0.000    0.021
0.013   52.204   -6.862   -0.000   53.911   -7.022    0.000    0.021
0.014   52.440   -6.884   -0.000   54.147   -7.045    0.000    0.021
0.015   52.676   -6.906   -0.000   54.382   -7.068    0.000    0.021
0.016   52.911   -6.929   -0.000   54.618   -7.091    0.000    0.021
0.017   53.147   -6.951   -0.000   54.853   -7.114    0.000    0.021
0.018   53.382   -6.974   -0.000   55.088   -7.137    0.000    0.021
0.019   53.617   -6.996   -0.000   55.323   -7.160    0.000    0.021
0.020   53.852   -7.018   -0.000   55.558   -7.183    0.000    0.021
0.021   54.087   -7.040   -0.000   55.793   -7.205   -0.000    0.021
0.022   54.322   -7.063   -0.000   56.028   -7.228   -0.000    0.021
0.024   54.557   -7.085   -0.000   56.263   -7.250   -0.000    0.021
0.025   54.792   -7.107   -0.000   56.498   -7.272   -0.000    0.021
0.026   55.027   -7.129   -0.000   56.733   -7.294   -0.000    0.021
0.027   55.261   -7.152   -0.000   56.967   -7.316   -0.000    0.021
0.028   55.496   -7.174   -0.000   57.202   -7.337   -0.000    0.021
0.029   55.730   -7.196   -0.000   57.436   -7.359   -0.000    0.021
0.030   55.964   -7.218   -0.000   57.671   -7.380   -0.000    0.021
0.031   56.198   -7.240   -0.000   57.905   -7.402   -0.000    0.021
0.032   56.411   -7.261   -0.000   58.118   -7.421   -0.000    0.021
0.033   56.624   -7.281   -0.000   58.331   -7.440   -0.000    0.021
0.034   56.837   -7.301   -0.000   58.543   -7.459   -0.000    0.021
0.035   57.049   -7.321   -0.000   58.756   -7.478   -0.000    0.021
0.036   57.262   -7.341   -0.000   58.969   -7.496   -0.000    0.021
0.037   57.474   -7.361   -0.000   59.181   -7.515   -0.000    0.021
0.038   57.686   -7.381   -0.000   59.394   -7.534   -0.000    0.021
0.039   57.899   -7.401   -0.000   59.606   -7.552   -0.000    0.021
0.040   58.111   -7.421   -0.000   59.818   -7.571   -0.000    0.021
0.041   58.323   -7.441   -0.000   60.031   -7.589   -0.000    0.021
0.042   58.535   -7.461   -0.000   60.243   -7.607   -0.000    0.021
0.043   58.747   -7.481   -0.000   60.455   -7.625   -0.000    0.021
0.044   58.959   -7.501   -0.000   60.667   -7.644   -0.000    0.021
0.045   59.171   -7.521   -0.000   60.879   -7.662   -0.000    0.021
0.046   59.383   -7.540   -0.000   61.091   -7.680   -0.000    0.021
0.047   59.595   -7.560   -0.000   61.303   -7.698   -0.000    0.021
0.048   59.806   -7.580   -0.000   61.515   -7.716   -0.000    0.021
0.049   60.018   -7.599   -0.000   61.726   -7.735   -0.000    0.021
0.050   60.229   -7.618   -0.000   61.938   -7.753   -0.000    0.021
0.051   60.440   -7.637   -0.000   62.149   -7.773   -0.000    0.021
0.052   60.652   -7.655   -0.000   62.360   -7.793   -0.000    0.021
0.053   60.863   -7.673   -0.000   62.571   -7.813   -0.000    0.021
0.054   61.074   -7.691   -0.000   62.782   -7.835   -0.000    0.021
0.055   61.284   -7.708   -0.000   62.992   -7.857   -0.000    0.021
0.056   61.495   -7.724   -0.000   63.202   -7.879   -0.000    0.021
0.057   61.705   -7.740   -0.000   63.412   -7.902   -0.000    0.021
0.058   61.916   -7.756   -0.000   63.621   -7.926    0.000    0.021
0.059   62.126   -7.771   -0.000   63.830   -7.950    0.000    0.021
0.060   62.336   -7.786   -0.000   64.039   -7.974    0.000    0.021
0.061   62.545   -7.801   -0.000   64.248   -7.999    0.000    0.021
0.062   62.755   -7.816   -0.000   64.457   -8.023    0.000    0.021
0.063   62.965   -7.831   -0.000   64.665   -8.046    0.000    0.021
0.064   63.174   -7.847   -0.000   64.874   -8.069    0.000    0.021
0.065   63.384   -7.862   -0.000   65.082   -8.091    0.001    0.021
0.066   63.593   -7.879   -0.000   65.291   -8.113    0.001    0.021
0.067   63.801   -7.896   -0.000   65.499   -8.134    0.001    0.021
0.068   64.010   -7.914   -0.000   65.707   -8.156    0.001    0.021
0.069   64.218   -7.933   -0.000   65.914   -8.178    0.001    0.021
0.070   64.425   -7.952   -0.000   66.121   -8.199    0.001    0.021
0.071   64.632   -7.973   -0.000   66.328   -8.221    0.001    0.021
0.072   64.839   -7.994   -0.000   66.535   -8.243    0.001    0.021
0.073   65.046   -8.015   -0.000   66.742   -8.265    0.001    0.021
0.074   65.252   -8.038   -0.000   66.948   -8.288    0.002    0.021
0.075   65.458   -8.061   -0.000   67.154   -8.310    0.002    0.021
0.076   65.663   -8.085   -0.000   67.359   -8.332    0.002    0.021
0.077   65.869   -8.110   -0.000   67.565   -8.355    0.002    0.021
0.078   66.073   -8.135    0.000   67.770   -8.378    0.002    0.021
0.079   66.278   -8.161    0.000   67.975   -8.401    0.003    0.021
0.080   66.482   -8.188    0.000   68.180   -8.424    0.003    0.021
0.081   66.686   -8.215    0.001   68.384   -8.448    0.003    0.021
0.082   66.889   -8.244    0.001   68.588   -8.471    0.003    0.021
0.083   67.093   -8.272    0.001   68.792   -8.495    0.004    0.021
0.084   67.295   -8.302    0.002   68.995   -8.520    0.004    0.021
0.085   67.498   -8.332    0.003   69.199   -8.545    0.005    0.021
0.086   67.700   -8.362    0.003   69.402   -8.570    0.005    0.021
0.087   67.903   -8.393    0.004   69.605   -8.595    0.006    0.021
0.088   68.104   -8.424    0.005   69.807   -8.619    0.006    0.021
0.089   68.306   -8.455    0.005   70.010   -8.643    0.007    0.021
0.090   68.508   -8.486    0.006   70.212   -8.667    0.007    0.021
0.091   68.710   -8.517    0.007   70.415   -8.692    0.008    0.021
0.092   68.911   -8.547    0.007   70.617   -8.717    0.008    0.021
0.093   69.113   -8.577    0.008   70.819   -8.743    0.009    0.021
0.094   69.314   -8.606    0.009   71.021   -8.769    0.009    0.021
0.095   69.516   -8.634    0.009   71.222   -8.795    0.010    0.021
0.096   69.717   -8.661    0.010   71.423   -8.820    0.010    0.021
0.097   69.918   -8.688    0.010   71.624   -8.846    0.011    0.021
0.098   70.119   -8.714    0.011   71.825   -8.871    0.011    0.021
0.099   70.319   -8.740    0.011   72.026   -8.896    0.012    0.021
0.100   70.520   -8.764    0.012   72.227   -8.920    0.012    0.021
0.101   70.720   -8.788    0.012   72.427   -8.944    0.013    0.021
0.102   70.921   -8.811    0.012   72.627   -8.968    0.013    0.021
0.103   71.121   -8.833    0.013   72.828   -8.991    0.013    0.021
0.104   71.321   -8.855    0.013   73.027   -9.014    0.014    0.021
0.105   71.521   -8.875    0.013   73.227   -9.036    0.014    0.021
0.106   71.720   -8.895    0.013   73.427   -9.058    0.014    0.021
0.107   71.920   -8.915    0.013   73.626   -9.079    0.015    0.021
0.108   72.120   -8.933    0.014   73.825   -9.100    0.015    0.021
0.109   72.319   -8.951    0.014   74.025   -9.121    0.015    0.021
0.110   72.518   -8.969    0.014   74.224   -9.141    0.015    0.021
0.111   72.717   -8.986    0.014   74.422   -9.160    0.015    0.021
0.112   72.916   -9.002    0.014   74.621   -9.180    0.016    0.021
0.113   73.115   -9.018    0.014   74.820   -9.200    0.016    0.021
0.114   73.314   -9.034    0.014   75.018   -9.220    0.016    0.021
0.115   73.513   -9.050    0.014   75.216   -9.241    0.016    0.021
0.116   73.711   -9.066    0.014   75.414   -9.261    0.017    0.021
0.117   73.910   -9.082    0.014   75.613   -9.280    0.017    0.021
0.118   74.109   -9.099    0.014   75.811   -9.299    0.017    0.021
0.119   74.307   -9.115    0.014   76.009   -9.318    0.017    0.021
0.120   74.505   -9.133    0.014   76.207   -9.335    0.018    0.021
0.121   74.703   -9.150    0.014   76.405   -9.352    0.018    0.021
0.122   74.901   -9.169    0.014   76.603   -9.368    0.018    0.021
0.123   75.098   -9.188    0.014   76.801   -9.384    0.018    0.021
0.124   75.295   -9.208    0.014   76.999   -9.400    0.018    0.021
0.125   75.512   -9.230    0.014   77.216   -9.418    0.018    0.021
0.127   75.728   -9.253    0.015   77.432   -9.437    0.019    0.021
0.128   75.944   -9.277    0.015   77.649   -9.456    0.019    0.021
0.129   76.160   -9.301    0.016   77.865   -9.475    0.019    0.021
0.130   76.376   -9.326    0.016   78.081   -9.494    0.020    0.021
0.131   76.591   -9.352    0.017   78.297   -9.514    0.020    0.021
0.132   76.806   -9.378    0.018   78.512   -9.534    0.021    0.021
0.133   77.020   -9.405    0.018   78.728   -9.554    0.021    0.021
0.134   77.235   -9.432    0.019   78.943   -9.573    0.021    0.021
0.135   77.449   -9.459    0.020   79.158   -9.592    0.022    0.021
0.136   77.664   -9.486    0.020   79.373   -9.611    0.022    0.021
0.138   77.878   -9.513    0.021   79.588   -9.630    0.022    0.021
0.139   78.092   -9.539    0.022   79.803   -9.650    0.023    0.021
0.140   78.306   -9.564    0.022   80.017   -9.671    0.023    0.021
0.141   78.520   -9.589    0.023   80.231   -9.692    0.024    0.021
0.142   78.734   -9.612    0.024   80.445   -9.713    0.024    0.021
0.143   78.948   -9.635    0.024   80.659   -9.733    0.024    0.021
0.144   79.161   -9.657    0.025   80.872   -9.753    0.025    0.021
0.145   79.374   -9.679    0.025   81.086   -9.773    0.025    0.021
0.146   79.588   -9.699    0.025   81.299   -9.792    0.025    0.021
0.147   79.801   -9.719    0.026   81.512   -9.811    0.026    0.021
0.148   80.013   -9.737    0.026   81.725   -9.829    0.026    0.021
0.150   80.226   -9.755    0.027   81.938   -9.847    0.026    0.021
0.151   80.438   -9.772    0.027   82.150   -9.865    0.027    0.021
0.152   80.651   -9.788    0.027   82.362   -9.882    0.027    0.021
0.153   80.863   -9.803    0.027   82.574   -9.899    0.027    0.021
0.154   81.075   -9.818    0.027   82.786   -9.915    0.027    0.021
0.155   81.287   -9.831    0.027   82.998   -9.931    0.027    0.021
0.156   81.498   -9.844    0.027   83.209   -9.946    0.027    0.021
0.157   81.710   -9.856    0.027   83.421   -9.961    0.027    0.021
0.158   81.921   -9.868    0.027   83.632   -9.975    0.027    0.021
0.159   82.132   -9.878    0.027   83.843   -9.988    0.027    0.021
0.161   82.343   -9.889    0.027   84.054  -10.001    0.027    0.021
0.162   82.554   -9.898    0.027   84.264  -10.014    0.027    0.021
0.163   82.765   -9.907    0.027   84.475  -10.027    0.027    0.021
0.164   82.976   -9.916    0.027   84.685  -10.040    0.027    0.021
0.165   83.186   -9.925    0.027   84.895  -10.054    0.027    0.021
0.166   83.397   -9.934    0.026   85.106  -10.067    0.027    0.021
0.167   83.608   -9.942    0.026   85.316  -10.080    0.027    0.021
0.168   83.818   -9.952    0.026   85.526  -10.092    0.027    0.021
0.169   84.028   -9.961    0.026   85.736  -10.103    0.027    0.021
0.170   84.238   -9.972    0.026   85.947  -10.113    0.027    0.021
0.172   84.448   -9.983    0.026   86.157  -10.123    0.027    0.021
0.173   84.658   -9.994    0.026   86.366  -10.132    0.027    0.021
0.174   84.867  -10.007    0.026   86.576  -10.141    0.027    0.021
0.175   85.077  -10.020    0.026   86.786  -10.150    0.027    0.021
0.176   85.286  -10.033    0.026   86.995  -10.160    0.028    0.021
0.177   85.494  -10.048    0.026   87.204  -10.169    0.028    0.021
0.178   85.703  -10.063    0.026   87.413  -10.179    0.028    0.021
0.179   85.911  -10.079    0.026   87.621  -10.190    0.028    0.021
0.180   86.119  -10.096    0.027   87.830  -10.201    0.028    0.021
0.181   86.327  -10.113    0.027   88.038  -10.212    0.029    0.021
0.183   86.534  -10.130    0.027   88.246  -10.224    0.029    0.021
0.184   86.742  -10.148    0.027   88.454  -10.235    0.029    0.021
0.185   86.949  -10.167    0.027   88.661  -10.246    0.029    0.021
0.186   87.156  -10.185    0.028   88.869  -10.257    0.029    0.021
0.187   87.363  -10.204    0.028   89.076  -10.268    0.030    0.021
0.188   87.571  -10.222    0.028   89.284  -10.279    0.030    0.021
0.189   87.778  -10.239    0.028   89.491  -10.291    0.030    0.021
0.190   87.985  -10.256    0.029   89.698  -10.303    0.030    0.021
0.191   88.191  -10.272    0.029   89.905  -10.316    0.030    0.021
0.192   88.398  -10.288    0.029   90.112  -10.328    0.031    0.021
0.194   88.604  -10.302    0.030   90.318  -10.340    0.031    0.021
0.195   88.811  -10.316    0.030   90.524  -10.352    0.031    0.021
0.196   89.017  -10.329    0.030   90.731  -10.363    0.031    0.021
0.197   89.223  -10.342    0.030   90.937  -10.374    0.031    0.021
0.198   89.429  -10.353    0.031   91.142  -10.385    0.031    0.021
0.199   89.634  -10.364    0.031   91.348  -10.395    0.031    0.021
0.200   89.840  -10.374    0.031   91.554  -10.405    0.031    0.021
0.201   90.045  -10.383    0.031   91.759  -10.415    0.032    0.021
0.202   90.250  -10.391    0.031   91.964  -10.424    0.032    0.021
0.203   90.455  -10.399    0.032   92.169  -10.433    0.032    0.021
0.205   90.660  -10.405    0.032   92.374  -10.441    0.032    0.021
0.206   90.865  -10.411    0.032   92.578  -10.449    0.032    0.021
0.207   91.069  -10.417    0.032   92.783  -10.456    0.032    0.021
0.208   91.274  -10.421    0.032   92.987  -10.463    0.031    0.021
0.209   91.478  -10.425    0.031   93.191  -10.470    0.031    0.021
0.210   91.682  -10.429    0.030   93.395  -10.476    0.030    0.021
0.211   91.886  -10.432    0.029   93.599  -10.481    0.030    0.021
0.212   92.090  -10.434    0.028   93.803  -10.487    0.029    0.021
0.213   92.293  -10.437    0.027   94.007  -10.492    0.029    0.021
0.214   92.497  -10.438    0.025   94.210  -10.498    0.029    0.021
0.216   92.701  -10.440    0.023   94.413  -10.505    0.029    0.021
0.217   92.904  -10.442    0.021   94.617  -10.510    0.029    0.021
0.218   93.108  -10.444    0.020   94.820  -10.516    0.029    0.021
0.219   93.311  -10.446    0.018   95.024  -10.521    0.029    0.021
0.220   93.515  -10.448    0.016   95.227  -10.526    0.029    0.021
0.221   93.718  -10.451    0.015   95.430  -10.530    0.028    0.021
0.222   93.921  -10.454    0.014   95.633  -10.532    0.028    0.021
0.223   94.124  -10.458    0.013   95.836  -10.535    0.027    0.021
0.224   94.327  -10.463    0.012   96.039  -10.537    0.026    0.021
0.225   94.529  -10.468    0.012   96.242  -10.539    0.026    0.021
0.227   94.732  -10.473    0.012   96.445  -10.542    0.026    0.021
0.228   94.934  -10.480    0.012   96.647  -10.544    0.026    0.021
0.229   95.136  -10.486    0.013   96.849  -10.547    0.026    0.021
0.230   95.338  -10.493    0.014   97.051  -10.550    0.027    0.021
0.231   95.540  -10.501    0.016   97.253  -10.553    0.028    0.021
0.232   95.741  -10.509    0.017   97.455  -10.557    0.028    0.021
0.233   95.943  -10.518    0.018   97.656  -10.560    0.029    0.021
0.234   96.144  -10.528    0.020   97.858  -10.565    0.030    0.021
0.235   96.345  -10.537    0.021   98.059  -10.568    0.031    0.021
0.236   96.546  -10.547    0.023   98.260  -10.572    0.031    0.021
0.238   96.747  -10.558    0.024   98.461  -10.575    0.032    0.021
0.239   96.948  -10.568    0.026   98.662  -10.578    0.033    0.021
0.240   97.149  -10.578    0.027   98.863  -10.581    0.033    0.021
0.241   97.350  -10.588    0.029   99.064  -10.584    0.034    0.021
0.242   97.551  -10.598    0.031   99.265  -10.588    0.034    0.021
0.243   97.751  -10.606    0.032   99.465  -10.592    0.035    0.021
0.244   97.952  -10.614    0.033   99.666  -10.596    0.036    0.021
0.245   98.152  -10.622    0.035   99.866  -10.600    0.036    0.021
0.246   98.352  -10.629    0.036  100.066  -10.604    0.037    0.021
0.247   98.552  -10.635    0.037  100.266  -10.608    0.037    0.021
0.249   98.752  -10.640    0.039  100.466  -10.611    0.038    0.021
0.250   98.952  -10.644    0.040  100.665  -10.614    0.038    0.021
0.251   99.151  -10.648    0.041  100.865  -10.616    0.038    0.021
0.252   99.351  -10.651    0.042  101.064  -10.619    0.038    0.021
0.253   99.550  -10.654    0.043  101.263  -10.620    0.038    0.021
0.254   99.749  -10.655    0.043  101.462  -10.622    0.038    0.021
0.255   99.948  -10.656    0.044  101.661  -10.623    0.038    0.021
0.256  100.146  -10.656    0.044  101.860  -10.624    0.038    0.021
0.257  100.345  -10.656    0.044  102.058  -10.625    0.038    0.021
0.258  100.543  -10.655    0.044  102.257  -10.625    0.037    0.021
0.260  100.741  -10.653    0.044  102.455  -10.624    0.036    0.021
0.261  100.939  -10.650    0.044  102.653  -10.624    0.036    0.021
0.262  101.137  -10.647    0.043  102.851  -10.623    0.035    0.021
0.263  101.335  -10.644    0.042  103.049  -10.621    0.033    0.021
0.264  101.533  -10.640    0.041  103.246  -10.619    0.032    0.021
0.265  101.730  -10.635    0.039  103.444  -10.617    0.031    0.021
0.266  101.927  -10.630    0.038  103.641  -10.615    0.030    0.021
0.267  102.125  -10.625    0.037  103.839  -10.613    0.029    0.021
0.268  102.322  -10.619    0.035  104.036  -10.611    0.028    0.021
0.269  102.519  -10.613    0.034  104.233  -10.610    0.027    0.021
