   0.360 0.000000 0.765751 -0.765751 -4.000000 -0.008130 0.005060
   0.370 0.000000 0.871571 -0.871571 -4.000000 0.769470 -0.772540
   0.380 0.000000 0.961661 -0.961661 -4.000000 0.875070 -0.878140
   0.390 0.000000 0.953478 -0.953478 -4.000000 0.961470 -0.964540
   0.400 0.000000 0.913067 -0.913067 -3.279980 0.951870 -0.954940
   0.411 0.000000 0.934647 -0.934647 -2.310380 0.903870 -0.906940
   0.421 0.000000 0.999537 -0.999537 -1.340780 0.932670 -0.935740
   0.431 0.000000 1.063932 -1.063932 -0.371180 0.999870 -1.002940
   0.441 0.000000 1.057246 -1.057246 0.000000 1.067070 -1.070140
   0.451 0.000000 0.980811 -0.980811 0.000000 1.057470 -1.060540
   0.461 0.000000 0.919594 -0.919594 0.000000 0.990270 -0.974140
   0.471 0.000000 0.934271 -0.934271 0.000000 0.923070 -0.926140
   0.481 0.000000 0.965858 -0.965858 0.000000 0.932670 -0.935740
   0.491 0.000000 0.929920 -0.929920 0.000000 0.961470 -0.964540
   0.501 0.000000 0.816491 -0.816491 0.000000 0.932670 -0.935740
   0.512 0.000000 0.699171 -0.699171 0.000000 0.807870 -0.810940
   0.522 0.000000 0.652731 -0.652731 0.000000 0.702270 -0.705340
   0.532 0.000000 0.651749 -0.651749 0.000000 0.654270 -0.657340
   0.542 0.000000 0.611877 -0.611877 0.000000 0.644670 -0.647740
   0.552 0.000000 0.476559 -0.476559 0.000000 0.615870 -0.618940
   0.562 0.000000 0.312872 -0.312872 0.000000 0.471870 -0.474940
   0.572 0.000000 0.226716 -0.226716 0.000000 0.308670 -0.311740
   0.582 0.000000 0.208732 -0.208732 0.000000 0.222270 -0.225340
   0.592 0.000000 0.186677 -0.186677 0.000000 0.212670 -0.215740
   0.602 0.000000 0.080212 -0.080212 0.000000 0.183870 -0.186940
   0.613 0.000000 -0.079254 0.079254 0.000000 0.078270 -0.081340
   0.623 0.000000 -0.204322 0.204322 0.000000 -0.084930 0.081860
   0.633 0.000000 -0.237024 0.237024 0.000000 -0.209730 0.206660
   0.643 0.000000 -0.232118 0.232118 0.000000 -0.238530 0.235460
   0.653 0.000000 -0.280446 0.280446 0.000000 -0.228930 0.225860
   0.663 0.000000 -0.395900 0.395900 0.000000 -0.276930 0.273860
   0.673 0.000000 -0.521190 0.521190 0.000000 -0.401730 0.398660
   0.683 0.000000 -0.571367 0.571367 0.000000 -0.526530 0.523460
   0.693 0.000000 -0.556465 0.556465 0.000000 -0.574530 0.571460
   0.703 0.000000 -0.545446 0.545446 0.000000 -0.564930 0.561860
   0.714 0.000000 -0.600530 0.600530 0.000000 -0.536130 0.552260
   0.724 0.000000 -0.691534 0.691534 0.000000 -0.603330 0.600260
