  0.00000 210.96854  -4.22759   0.00000   0.00000   0.00000  42.42231  -4.73767   0.00000   0.00000  47.85006  -6.41727   0.00000  -0.04367   0.00673   0.00528 211.01089   1.14799
  0.00010 210.96419  -4.23403  -0.00005   0.16440  -0.00577  41.67477  -4.73343   0.00000   0.00000  47.87105  -6.41944   0.00000  -0.04351   0.00656   0.00511 211.00667   1.14977
  0.00020 210.95984  -4.24021  -0.00011   0.32705  -0.01133  40.92628  -4.72926  -0.00000   0.00002  47.89203  -6.42160  -0.00000  -0.04334   0.00639   0.00495 211.00245   1.15147
  0.00030 210.95550  -4.24611  -0.00016   0.48710  -0.01668  40.17685  -4.72517  -0.00000   0.00005  47.91302  -6.42376  -0.00000  -0.04317   0.00623   0.00478 210.99823   1.15309
  0.00040 210.95117  -4.25173  -0.00021   0.64454  -0.02183  39.42649  -4.72115  -0.00000   0.00010  47.93401  -6.42592  -0.00000  -0.04300   0.00606   0.00461 210.99402   1.15464
  0.00050 210.94685  -4.25708  -0.00026   0.79937  -0.02676  38.67520  -4.71721  -0.00001   0.00016  47.95500  -6.42808  -0.00000  -0.04284   0.00589   0.00444 210.98980   1.15612
  0.00060 210.94254  -4.26216  -0.00031   0.95159  -0.03149  37.92301  -4.71334  -0.00001   0.00024  47.97599  -6.43024  -0.00000  -0.04267   0.00572   0.00428 210.98559   1.15752
  0.00070 210.93823  -4.26696  -0.00036   1.10121  -0.03602  37.16991  -4.70955  -0.00001   0.00034  47.99698  -6.43240  -0.00000  -0.04250   0.00555   0.00411 210.98138   1.15885
  0.00080 210.93393  -4.27148  -0.00041   1.24821  -0.04033  36.41593  -4.70583  -0.00002   0.00045  48.01797  -6.43456  -0.00000  -0.04233   0.00539   0.00394 210.97717   1.16010
  0.00090 210.92964  -4.27573  -0.00045   1.39260  -0.04445  35.66107  -4.70219  -0.00002   0.00057  48.03895  -6.43671  -0.00000  -0.04217   0.00522   0.00377 210.97297   1.16128
  0.00100 210.92535  -4.27971  -0.00050   1.53439  -0.04835  34.90534  -4.69862  -0.00002   0.00071  48.05994  -6.43887  -0.00000  -0.04200   0.00505   0.00361 210.96876   1.16238
  0.00110 210.92107  -4.28341  -0.00054   1.67356  -0.05206  34.14875  -4.69513  -0.00003   0.00086  48.08093  -6.44102  -0.00000  -0.04183   0.00488   0.00344 210.96456   1.16341
  0.00120 210.91680  -4.28683  -0.00058   1.81013  -0.05556  33.39132  -4.69172  -0.00003   0.00103  48.10191  -6.44318  -0.00000  -0.04166   0.00472   0.00327 210.96036   1.16436
  0.00130 210.91254  -4.28998  -0.00062   1.94408  -0.05885  32.63305  -4.68838  -0.00004   0.00121  48.12290  -6.44533  -0.00000  -0.04150   0.00455   0.00310 210.95617   1.16524
  0.00140 210.90829  -4.29285  -0.00066   2.07542  -0.06195  31.87396  -4.68511  -0.00005   0.00140  48.14388  -6.44748  -0.00000  -0.04133   0.00438   0.00294 210.95197   1.16604
  0.00150 210.90404  -4.29545  -0.00069   2.20416  -0.06484  31.11405  -4.68193  -0.00005   0.00161  48.16487  -6.44963  -0.00000  -0.04116   0.00421   0.00277 210.94778   1.16677
  0.00160 210.89981  -4.29777  -0.00073   2.33028  -0.06753  30.35335  -4.67882  -0.00006   0.00183  48.18585  -6.45178  -0.00000  -0.04099   0.00405   0.00260 210.94359   1.16743
  0.00170 210.89558  -4.29981  -0.00076   2.45379  -0.07002  29.59185  -4.67578  -0.00007   0.00206  48.20684  -6.45393  -0.00000  -0.04083   0.00388   0.00243 210.93940   1.16800
  0.00180 210.89136  -4.30157  -0.00079   2.57469  -0.07231  28.82956  -4.67282  -0.00007   0.00231  48.22782  -6.45608  -0.00000  -0.04066   0.00371   0.00227 210.93522   1.16851
  0.00190 210.88714  -4.30306  -0.00082   2.69298  -0.07440  28.06651  -4.66994  -0.00008   0.00257  48.24881  -6.45822  -0.00000  -0.04049   0.00354   0.00210 210.93104   1.16893
  0.00200 210.88294  -4.30427  -0.00085   2.80866  -0.07629  27.30270  -4.66713  -0.00009   0.00283  48.26979  -6.46037  -0.00000  -0.04032   0.00338   0.00193 210.92686   1.16929
  0.00210 210.87874  -4.30520  -0.00087   2.92173  -0.07799  26.53814  -4.66440  -0.00010   0.00311  48.29077  -6.46251  -0.00000  -0.04016   0.00321   0.00176 210.92268   1.16956
  0.00220 210.87455  -4.30586  -0.00090   3.03218  -0.07948  25.77284  -4.66175  -0.00010   0.00341  48.31176  -6.46466  -0.00000  -0.03999   0.00304   0.00160 210.91851   1.16976
  0.00230 210.87037  -4.30624  -0.00092   3.14002  -0.08077  25.00682  -4.65917  -0.00011   0.00371  48.33274  -6.46680  -0.00000  -0.03982   0.00287   0.00143 210.91434   1.16989
  0.00240 210.86620  -4.30634  -0.00094   3.24525  -0.08187  24.24008  -4.65667  -0.00012   0.00402  48.35372  -6.46894  -0.00000  -0.03965   0.00271   0.00126 210.91017   1.16994
  0.00250 210.86204  -4.30616  -0.00095   3.34787  -0.08277  23.47263  -4.65424  -0.00013   0.00435  48.37470  -6.47108  -0.00000  -0.03949   0.00254   0.00109 210.90600   1.16991
  0.00260 210.85788  -4.30570  -0.00097   3.44788  -0.08348  22.70449  -4.65190  -0.00014   0.00468  48.39569  -6.47322  -0.00000  -0.03932   0.00237   0.00093 210.90184   1.16981
  0.00270 210.85374  -4.30497  -0.00098   3.54527  -0.08398  21.93567  -4.64963  -0.00014   0.00502  48.41667  -6.47536  -0.00000  -0.03915   0.00220   0.00076 210.89768   1.16964
  0.00280 210.84960  -4.30395  -0.00099   3.64006  -0.08429  21.16617  -4.64743  -0.00015   0.00538  48.43765  -6.47750  -0.00000  -0.03898   0.00204   0.00059 210.89352   1.16938
  0.00290 210.84547  -4.30266  -0.00099   3.73223  -0.08441  20.39601  -4.64532  -0.00016   0.00574  48.45863  -6.47964  -0.00000  -0.03882   0.00187   0.00042 210.88937   1.16906
  0.00300 210.84135  -4.30109  -0.00100   3.82178  -0.08433  19.62521  -4.64328  -0.00017   0.00611  48.47961  -6.48178  -0.00000  -0.03865   0.00170   0.00026 210.88522   1.16865
  0.00310 210.83724  -4.29924  -0.00100   3.90873  -0.08406  18.85376  -4.64131  -0.00018   0.00649  48.50059  -6.48391  -0.00000  -0.03848   0.00153   0.00009 210.88107   1.16817
  0.00320 210.83314  -4.29712  -0.00100   3.99306  -0.08359  18.08168  -4.63943  -0.00019   0.00688  48.52157  -6.48605  -0.00000  -0.03831   0.00137  -0.00008 210.87693   1.16762
  0.00330 210.82905  -4.29471  -0.00100   4.07649  -0.08306  17.30898  -4.63762  -0.00020   0.00728  48.54255  -6.48818  -0.00000  -0.03815   0.00120   0.00009 210.87278   1.16699
  0.00340 210.82496  -4.29202  -0.00100   4.16071  -0.08259  16.53568  -4.63589  -0.00021   0.00769  48.56353  -6.49031  -0.00000  -0.03798   0.00103  -0.00008 210.86865   1.16628
  0.00350 210.82089  -4.28906  -0.00099   4.24402  -0.08207  15.76178  -4.63424  -0.00021   0.00811  48.58451  -6.49244  -0.00000  -0.03781   0.00086   0.00009 210.86451   1.16550
  0.00360 210.81682  -4.28581  -0.00099   4.32813  -0.08161  14.98730  -4.63266  -0.00022   0.00853  48.60549  -6.49457  -0.00000  -0.03764   0.00070  -0.00008 210.86038   1.16464
  0.00370 210.81276  -4.28229  -0.00098   4.41133  -0.08110  14.21224  -4.63116  -0.00023   0.00896  48.62646  -6.49670  -0.00000  -0.03748   0.00053   0.00009 210.85625   1.16370
  0.00380 210.80871  -4.27848  -0.00098   4.49531  -0.08065  13.43662  -4.62974  -0.00024   0.00940  48.64744  -6.49883  -0.00000  -0.03731   0.00036  -0.00008 210.85212   1.16269
  0.00390 210.80467  -4.27440  -0.00097   4.57839  -0.08014  12.66044  -4.62840  -0.00025   0.00985  48.66842  -6.50096  -0.00000  -0.03714   0.00019   0.00009 210.84800   1.16160
  0.00400 210.80064  -4.27003  -0.00096   4.66225  -0.07970  11.88372  -4.62713  -0.00026   0.01031  48.68940  -6.50309  -0.00000  -0.03697   0.00003  -0.00008 210.84388   1.16044
  0.00410 210.79662  -4.26539  -0.00096   4.74520  -0.07920  11.10648  -4.62594  -0.00026   0.01077  48.71037  -6.50521  -0.00000  -0.03681  -0.00014   0.00009 210.83976   1.15920
  0.00420 210.79260  -4.26047  -0.00095   4.82893  -0.07877  10.32871  -4.62483  -0.00027   0.01125  48.73135  -6.50734  -0.00000  -0.03664   0.00003  -0.00008 210.83565   1.15788
  0.00430 210.78860  -4.25526  -0.00094   4.91176  -0.07828   9.55043  -4.62380  -0.00028   0.01173  48.75233  -6.50946  -0.00000  -0.03647  -0.00014   0.00009 210.83154   1.15649
  0.00440 210.78460  -4.24978  -0.00093   4.99537  -0.07786   8.77166  -4.62284  -0.00029   0.01222  48.77330  -6.51159  -0.00000  -0.03630   0.00003  -0.00008 210.82744   1.15502
  0.00450 210.78061  -4.24402  -0.00092   5.07806  -0.07738   7.99240  -4.62197  -0.00030   0.01272  48.79428  -6.51371  -0.00000  -0.03613  -0.00014   0.00009 210.82333   1.15348
  0.00460 210.77664  -4.23797  -0.00091   5.16153  -0.07697   7.21267  -4.62117  -0.00030   0.01323  48.81525  -6.51583  -0.00000  -0.03597   0.00003  -0.00008 210.81924   1.15186
  0.00470 210.77267  -4.23165  -0.00089   5.24409  -0.07650   6.43246  -4.62045  -0.00031   0.01374  48.83623  -6.51795  -0.00000  -0.03580  -0.00014   0.00009 210.81514   1.15016
  0.00480 210.76871  -4.22504  -0.00088   5.32743  -0.07610   5.65181  -4.61980  -0.00032   0.01427  48.85720  -6.52007  -0.00000  -0.03563   0.00003  -0.00008 210.81105   1.14839
  0.00490 210.76476  -4.21816  -0.00087   5.40985  -0.07565   4.87071  -4.61924  -0.00033   0.01480  48.87818  -6.52219  -0.00000  -0.03546  -0.00014   0.00009 210.80696   1.14654
  0.00500 210.76081  -4.21099  -0.00085   5.49305  -0.07526   4.08918  -4.61875  -0.00034   0.01534  48.89915  -6.52431  -0.00000  -0.03530   0.00003  -0.00008 210.80288   1.14461
  0.00510 210.75688  -4.20355  -0.00084   5.57534  -0.07482   3.30723  -4.61834  -0.00034   0.01589  48.92012  -6.52643  -0.00000  -0.03513  -0.00014   0.00009 210.79880   1.14261
  0.00520 210.75296  -4.19582  -0.00082   5.65839  -0.07445   2.52487  -4.61801  -0.00035   0.01644  48.94110  -6.52854  -0.00000  -0.03496   0.00003  -0.00008 210.79472   1.14053
  0.00530 210.74904  -4.18781  -0.00080   5.74053  -0.07402   1.74211  -4.61776  -0.00036   0.01701  48.96207  -6.53066  -0.00000  -0.03479  -0.00014   0.00009 210.79065   1.13838
  0.00540 210.74514  -4.17953  -0.00079   5.82344  -0.07367   0.95896  -4.61758  -0.00037   0.01758  48.98304  -6.53277  -0.00000  -0.03463   0.00003  -0.00008 210.78658   1.13615
  0.00550 210.74124  -4.17096  -0.00077   5.90543  -0.07326   0.17543  -4.61749  -0.00037   0.01816  49.00402  -6.53488  -0.00000  -0.03446  -0.00014   0.00009 210.78251   1.13384
  0.00560 210.73736  -4.16211  -0.00075   5.98819  -0.07292  -0.60846  -4.61747  -0.00038   0.01875  49.02499  -6.53700  -0.00000  -0.03429   0.00003  -0.00008 210.77845   1.13146
  0.00570 210.73348  -4.15298  -0.00073   6.07003  -0.07252  -1.39271  -4.61753  -0.00039   0.01935  49.04596  -6.53911  -0.00000  -0.03412  -0.00014   0.00009 210.77440   1.12900
  0.00580 210.72961  -4.14357  -0.00071   6.15264  -0.07220  -2.17731  -4.61767  -0.00039   0.01996  49.06693  -6.54122  -0.00000  -0.03396   0.00003  -0.00008 210.77034   1.12646
  0.00590 210.72575  -4.13388  -0.00069   6.23433  -0.07182  -2.96223  -4.61789  -0.00040   0.02057  49.08790  -6.54333  -0.00000  -0.03379  -0.00014   0.00009 210.76630   1.12385
  0.00600 210.72190  -4.12391  -0.00067   6.31678  -0.07152  -3.74748  -4.61819  -0.00041   0.02120  49.10887  -6.54544  -0.00000  -0.03362   0.00003  -0.00008 210.76225   1.12116
  0.00610 210.71806  -4.11365  -0.00065   6.39831  -0.07116  -4.53304  -4.61856  -0.00042   0.02183  49.12984  -6.54754  -0.00000  -0.03345  -0.00014   0.00009 210.75821   1.11839
  0.00620 210.71423  -4.10312  -0.00062   6.48060  -0.07087  -5.31890  -4.61901  -0.00042   0.02247  49.15081  -6.54965  -0.00000  -0.03329   0.00003  -0.00008 210.75417   1.11555
  0.00630 210.71041  -4.09231  -0.00060   6.56197  -0.07053  -6.10506  -4.61955  -0.00043   0.02311  49.17178  -6.55176  -0.00000  -0.03312  -0.00014   0.00009 210.75014   1.11263
  0.00640 210.70659  -4.08121  -0.00058   6.64410  -0.07026  -6.89149  -4.62016  -0.00044   0.02377  49.19275  -6.55386  -0.00000  -0.03295   0.00003  -0.00008 210.74612   1.10963
  0.00650 210.70279  -4.06984  -0.00055   6.72531  -0.06995  -7.67818  -4.62084  -0.00044   0.02443  49.21372  -6.55597  -0.00000  -0.03278  -0.00014   0.00009 210.74209   1.10656
  0.00660 210.69900  -4.05818  -0.00053   6.80728  -0.06970  -8.46514  -4.62161  -0.00045   0.02511  49.23469  -6.55807  -0.00000  -0.03262   0.00003  -0.00008 210.73807   1.10341
  0.00670 210.69521  -4.04625  -0.00050   6.88831  -0.06940  -9.25234  -4.62246  -0.00046   0.02579  49.25566  -6.56017  -0.00000  -0.03245  -0.00014   0.00009 210.73406   1.10019
  0.00680 210.69143  -4.03403  -0.00048   6.97011  -0.06918 -10.03977  -4.62338  -0.00046   0.02647  49.27663  -6.56227  -0.00000  -0.03228   0.00003  -0.00008 210.73005   1.09689
  0.00690 210.68767  -4.02153  -0.00045   7.05098  -0.06890 -10.82743  -4.62439  -0.00047   0.02717  49.29760  -6.56437  -0.00000  -0.03211  -0.00014   0.00009 210.72605   1.09351
  0.00700 210.68391  -4.00876  -0.00042   7.13260  -0.06870 -11.61531  -4.62547  -0.00048   0.02788  49.31857  -6.56647  -0.00000  -0.03195   0.00003  -0.00008 210.72204   1.09006
  0.00710 210.68016  -3.99570  -0.00040   7.21330  -0.06844 -12.40338  -4.62663  -0.00048   0.02859  49.33953  -6.56857  -0.00000  -0.03178  -0.00014   0.00009 210.71805   1.08652
  0.00720 210.67642  -3.98236  -0.00037   7.29475  -0.06826 -13.19165  -4.62787  -0.00049   0.02931  49.36050  -6.57067  -0.00000  -0.03161   0.00003  -0.00008 210.71406   1.08292
  0.00730 210.67269  -3.96874  -0.00034   7.37527  -0.06803 -13.98009  -4.62919  -0.00050   0.03004  49.38147  -6.57276  -0.00000  -0.03144  -0.00014   0.00009 210.71007   1.07923
  0.00740 210.66897  -3.95484  -0.00031   7.45654  -0.06788 -14.76871  -4.63059  -0.00050   0.03077  49.40243  -6.57486  -0.00000  -0.03128   0.00003  -0.00008 210.70609   1.07547
  0.00750 210.66526  -3.94066  -0.00028   7.53687  -0.06767 -15.55748  -4.63207  -0.00051   0.03152  49.42340  -6.57696  -0.00000  -0.03111  -0.00014   0.00009 210.70211   1.07164
  0.00760 210.66156  -3.92620  -0.00025   7.61796  -0.06754 -16.34640  -4.63362  -0.00051   0.03227  49.44437  -6.57905  -0.00000  -0.03094   0.00003  -0.00008 210.69814   1.06773
  0.00770 210.65786  -3.91146  -0.00022   7.69811  -0.06736 -17.13546  -4.63526  -0.00052   0.03303  49.46533  -6.58114  -0.00001  -0.03077  -0.00014   0.00009 210.69417   1.06374
  0.00780 210.65418  -3.89644  -0.00019   7.77902  -0.06726 -17.92464  -4.63697  -0.00052   0.03380  49.48630  -6.58323  -0.00001  -0.03061   0.00003  -0.00008 210.69021   1.05967
  0.00790 210.65050  -3.88114  -0.00016   7.85898  -0.06710 -18.71394  -4.63876  -0.00053   0.03458  49.50726  -6.58533  -0.00001  -0.03044  -0.00014   0.00009 210.68625   1.05553
  0.00800 210.64683  -3.86556  -0.00013   7.93970  -0.06703 -19.50334  -4.64063  -0.00054   0.03537  49.52823  -6.58742  -0.00001  -0.03027   0.00003  -0.00008 210.68230   1.05131
  0.00810 210.64318  -3.84970  -0.00010   8.01947  -0.06690 -20.29283  -4.64259  -0.00054   0.03616  49.54919  -6.58951  -0.00001  -0.03010  -0.00014   0.00009 210.67835   1.04702
  0.00820 210.63953  -3.83356  -0.00007   8.09999  -0.06685 -21.08241  -4.64461  -0.00055   0.03696  49.57015  -6.59159  -0.00001  -0.02994   0.00003  -0.00008 210.67441   1.04265
  0.00830 210.63589  -3.81714  -0.00003   8.17957  -0.06675 -21.87206  -4.64672  -0.00055   0.03777  49.59112  -6.59368  -0.00001  -0.02977  -0.00014   0.00009 210.67047   1.03820
  0.00840 210.63226  -3.80044  -0.00000   8.25990  -0.06673 -22.66176  -4.64891  -0.00056   0.03859  49.61208  -6.59577  -0.00001  -0.02960   0.00003  -0.00008 210.66654   1.03368
  0.00850 210.62864  -3.78347   0.00003   8.33929  -0.06666 -23.45152  -4.65118  -0.00056   0.03941  49.63304  -6.59786  -0.00001  -0.02943  -0.00014   0.00009 210.66261   1.02908
  0.00860 210.62502  -3.76621   0.00007   8.41941  -0.06667 -24.24131  -4.65352  -0.00057   0.04025  49.65401  -6.59994  -0.00001  -0.02927   0.00003  -0.00008 210.65869   1.02440
  0.00870 210.62142  -3.74867   0.00010   8.49860  -0.06663 -25.03113  -4.65595  -0.00057   0.04109  49.67497  -6.60202  -0.00001  -0.02910  -0.00014   0.00009 210.65478   1.01965
  0.00880 210.61782  -3.73085   0.00013   8.57852  -0.06667 -25.82097  -4.65845  -0.00058   0.04194  49.69593  -6.60411  -0.00001  -0.02893   0.00003  -0.00008 210.65086   1.01482
  0.00890 210.61424  -3.71276   0.00017   8.65750  -0.06666 -26.61081  -4.66103  -0.00058   0.04280  49.71689  -6.60619  -0.00001  -0.02876  -0.00014   0.00009 210.64696   1.00992
  0.00900 210.61066  -3.69438   0.00020   8.73722  -0.06674 -27.40065  -4.66369  -0.00059   0.04366  49.73786  -6.60827  -0.00001  -0.02860   0.00003  -0.00008 210.64306   1.00494
  0.00910 210.60709  -3.67573   0.00024   8.81599  -0.06676 -28.19047  -4.66643  -0.00059   0.04454  49.75882  -6.61035  -0.00001  -0.02843  -0.00014   0.00009 210.63916   0.99988
  0.00920 210.60353  -3.65680   0.00027   8.89550  -0.06686 -28.98023  -4.66925  -0.00060   0.04542  49.77978  -6.61243  -0.00001  -0.02826   0.00003  -0.00008 210.63527   0.99475
  0.00930 210.59998  -3.63759   0.00031   8.97405  -0.06692 -29.76988  -4.67215  -0.00060   0.04631  49.80074  -6.61451  -0.00001  -0.02809  -0.00014   0.00009 210.63139   0.98954
  0.00940 210.59643  -3.61810   0.00034   9.05334  -0.06705 -30.55941  -4.67513  -0.00060   0.04720  49.82170  -6.61659  -0.00001  -0.02792   0.00003  -0.00008 210.62751   0.98426
  0.00950 210.59290  -3.59833   0.00038   9.13166  -0.06714 -31.34881  -4.67818  -0.00061   0.04811  49.84266  -6.61867  -0.00001  -0.02776  -0.00014   0.00009 210.62364   0.97890
  0.00960 210.58937  -3.57829   0.00041   9.21072  -0.06731 -32.13807  -4.68132  -0.00061   0.04902  49.86362  -6.62074  -0.00001  -0.02759   0.00003  -0.00008 210.61977   0.97346
  0.00970 210.58585  -3.55797   0.00045   9.28882  -0.06744 -32.92718  -4.68453  -0.00062   0.04994  49.88458  -6.62282  -0.00001  -0.02742  -0.00014   0.00009 210.61590   0.96795
  0.00980 210.58234  -3.53737   0.00049   9.36764  -0.06764 -33.71612  -4.68782  -0.00062   0.05087  49.90554  -6.62489  -0.00001  -0.02725   0.00003  -0.00008 210.61204   0.96237
  0.00990 210.57883  -3.51650   0.00052   9.44551  -0.06780 -34.50488  -4.69119  -0.00062   0.05181  49.92650  -6.62697  -0.00001  -0.02709  -0.00014   0.00009 210.60819   0.95671
  0.01000 210.57534  -3.49535   0.00056   9.52410  -0.06804 -35.29346  -4.69465  -0.00063   0.05275  49.94746  -6.62904  -0.00001  -0.02692   0.00003  -0.00008 210.60434   0.95097
  0.01010 210.57185  -3.47392   0.00059   9.60173  -0.06823 -36.08184  -4.69817  -0.00063   0.05370  49.96841  -6.63111  -0.00001  -0.02675  -0.00014   0.00009 210.60050   0.94515
  0.01020 210.56837  -3.45222   0.00063   9.68008  -0.06851 -36.87000  -4.70178  -0.00064   0.05466  49.98937  -6.63318  -0.00001  -0.02658   0.00003  -0.00008 210.59666   0.93927
  0.01030 210.56490  -3.43024   0.00067   9.75747  -0.06874 -37.65794  -4.70547  -0.00064   0.05563  50.01033  -6.63525  -0.00001  -0.02642  -0.00014   0.00009 210.59283   0.93330
  0.01040 210.56143  -3.40798   0.00070   9.83558  -0.06905 -38.44564  -4.70924  -0.00064   0.05661  50.03129  -6.63732  -0.00001  -0.02625   0.00003  -0.00008 210.58901   0.92726
  0.01050 210.55797  -3.38545   0.00074   9.91272  -0.06932 -39.23310  -4.71308  -0.00065   0.05759  50.05224  -6.63939  -0.00001  -0.02608  -0.00014   0.00009 210.58519   0.92115
  0.01060 210.53524  -3.30239   0.00080  10.49269  -0.06716 -43.54065  -4.71700  -0.00065   0.05858  50.07320  -6.64146  -0.00001  -0.02591   0.00003  -0.00008 210.56114   0.89865
  0.01070 210.51254  -3.21780   0.00087  11.07131  -0.06496 -47.84438  -4.72136  -0.00065   0.05963  50.09416  -6.64352  -0.00001  -0.02575  -0.00014   0.00009 210.53713   0.87573
  0.01080 210.48987  -3.13169   0.00094  11.65025  -0.06286 -52.14422  -4.72614  -0.00065   0.06074  50.11511  -6.64557  -0.00001  -0.02558   0.00003  -0.00008 210.51317   0.85239
  0.01090 210.46724  -3.04406   0.00102  12.22783  -0.06073 -56.44010  -4.73136  -0.00065   0.06190  50.13606  -6.64762  -0.00001  -0.02541  -0.00014   0.00009 210.48926   0.82863
  0.01100 210.44465  -2.95490   0.00110  12.80574  -0.05869 -60.73198  -4.73700  -0.00065   0.06312  50.15701  -6.64966  -0.00001  -0.02524   0.00003  -0.00008 210.46539   0.80445
  0.01110 210.42207  -2.86428   0.00118  13.38183  -0.05660 -65.01466  -4.74307  -0.00065   0.06440  50.17796  -6.65169  -0.00001  -0.02508  -0.00014   0.00009 210.44156   0.77987
  0.01120 210.39960  -2.77291   0.00127  13.95182  -0.05459 -69.21366  -4.74958  -0.00065   0.06574  50.19891  -6.65371  -0.00001  -0.02491   0.00003  -0.00008 210.41787   0.75507
  0.01130 210.37722  -2.68084   0.00136  14.51377  -0.05253 -73.32836  -4.75650  -0.00065   0.06714  50.21985  -6.65573  -0.00001  -0.02474  -0.00014   0.00009 210.39430   0.73008
  0.01140 210.35494  -2.58811   0.00146  15.06964  -0.05053 -77.35815  -4.76383  -0.00064   0.06859  50.24079  -6.65774  -0.00001  -0.02491   0.00003  -0.00008 210.37086   0.70490
  0.01150 210.33276  -2.49473   0.00156  15.61733  -0.04846 -81.30102  -4.77157  -0.00064   0.07010  50.26173  -6.65975  -0.00001  -0.02474  -0.00014   0.00009 210.34755   0.67955
  0.01160 210.31070  -2.40076   0.00166  16.15901  -0.04641 -85.15792  -4.77970  -0.00064   0.07166  50.28267  -6.66175  -0.00001  -0.02491   0.00003  -0.00008 210.32440   0.65402
  0.01170 210.28872  -2.30611   0.00177  16.69345  -0.04420 -89.02049  -4.78821  -0.00063   0.07328  50.30361  -6.66374  -0.00001  -0.02474  -0.00014   0.00009 210.30136   0.62830
  0.01180 210.26686  -2.21090   0.00189  17.22180  -0.04195 -92.79599  -4.79711  -0.00062   0.07495  50.32455  -6.66572  -0.00001  -0.02491   0.00003  -0.00008 210.27848   0.60243
  0.01190 210.24510  -2.11499   0.00200  17.74347  -0.03958 -96.50173  -4.80639  -0.00061   0.07667  50.34548  -6.66770  -0.00001  -0.02474  -0.00014   0.00009 210.25574   0.57635
  0.01200 210.22338  -2.01787   0.00213  18.26497  -0.03708 -100.19380  -4.81604  -0.00061   0.07844  50.36642  -6.66967  -0.00001  -0.02491   0.00003  -0.00008 210.23306   0.54995
  0.01210 210.20168  -1.91953   0.00226  18.78412  -0.03438 -103.87055  -4.82606  -0.00060   0.08027  50.38735  -6.67164  -0.00001  -0.02474  -0.00014   0.00009 210.21044   0.52320
  0.01220 210.18000  -1.82001   0.00240  19.30314  -0.03146 -107.53329  -4.83645  -0.00058   0.08215  50.40828  -6.67360  -0.00001  -0.02491   0.00003  -0.00008 210.18788   0.49613
  0.01230 210.15835  -1.71929   0.00254  19.81977  -0.02825 -111.18039  -4.84720  -0.00057   0.08408  50.42920  -6.67555  -0.00001  -0.02474  -0.00014   0.00009 210.16538   0.46872
  0.01240 210.13672  -1.61740   0.00270  20.33633  -0.02468 -114.81315  -4.85832  -0.00056   0.08606  50.45013  -6.67750  -0.00000  -0.02491   0.00003  -0.00008 210.14295   0.44099
  0.01250 210.11513  -1.51432   0.00286  20.85056  -0.02066 -118.42996  -4.86980  -0.00054   0.08810  50.47105  -6.67944  -0.00000  -0.02474  -0.00014   0.00009 210.12059   0.41293
  0.01260 210.09359  -1.41008   0.00304  21.36479  -0.01610 -122.03211  -4.88164  -0.00053   0.09019  50.49198  -6.68138  -0.00000  -0.02491   0.00003  -0.00008 210.09832   0.38455
  0.01270 210.07206  -1.30462   0.00323  21.87731  -0.01081 -125.62412  -4.89385  -0.00051   0.09232  50.51290  -6.68330  -0.00000  -0.02474  -0.00014   0.00009 210.07611   0.35582
  0.01280 210.05045  -1.19775   0.00344  22.39201  -0.00424 -129.36124  -4.90641  -0.00049   0.09451  50.53382  -6.68523  -0.00000  -0.02491   0.00003  -0.00008 210.05387   0.32671
  0.01290 210.02886  -1.08961   0.00368  22.90518   0.00357 -133.08820  -4.91935  -0.00047   0.09675  50.55474  -6.68714  -0.00000  -0.02474  -0.00014   0.00009 210.03168   0.29724
  0.01300 210.00726  -0.98021   0.00394  23.41902   0.01298 -136.80638  -4.93266  -0.00045   0.09905  50.57565  -6.68905  -0.00000  -0.02491   0.00003  -0.00008 210.00954   0.26743
  0.01310 209.98565  -0.86955   0.00424  23.93155   0.02455 -140.51421  -4.94634  -0.00042   0.10139  50.59657  -6.69096  -0.00000  -0.02474  -0.00014   0.00009 209.98745   0.23726
  0.01320 209.96404  -0.75763   0.00460  24.44515   0.03904 -144.21306  -4.96039  -0.00039   0.10379  50.61748  -6.69285  -0.00000  -0.02491   0.00003  -0.00008 209.96541   0.20674
  0.01330 209.94242  -0.64446   0.00503  24.95806   0.05774 -147.90155  -4.97481  -0.00036   0.10623  50.63839  -6.69474  -0.00000  -0.02474  -0.00014   0.00009 209.94341   0.17588
  0.01340 209.92082  -0.53004   0.00556  25.47320   0.08259 -151.58169  -4.98960  -0.00033   0.10873  50.65930  -6.69663  -0.00000  -0.02491   0.00003  -0.00008 209.92149   0.14467
  0.01350 209.89924  -0.41437   0.00627  25.98959   0.11727 -155.25186  -5.00476  -0.00029   0.11128  50.68021  -6.69851  -0.00000  -0.02474  -0.00014   0.00009 209.89965   0.11311
  0.01360 209.87767  -0.29746   0.00725  26.51122   0.16891 -158.91332  -5.02028  -0.00025   0.11389  50.70111  -6.70038  -0.00000  -0.02491   0.00003  -0.00008 209.87788   0.08120
  0.01370 209.85611  -0.17932   0.00881  27.04123   0.25498 -162.56406  -5.03617  -0.00020   0.11654  50.72202  -6.70225   0.00000  -0.02474  -0.00014   0.00009 209.85619   0.04896
  0.01380 209.83454  -0.05999   0.01188  27.59719   0.43323 -166.20273  -5.05243  -0.00014   0.11925  50.74292  -6.70411   0.00000  -0.02491   0.00003  -0.00008 209.83455   0.01638
  0.01390 209.81272   0.05945   0.02375  28.29696   1.18895 -169.93411  -5.06905  -0.00007   0.12202  50.76382  -6.70596   0.00000  -0.02474  -0.00014   0.00009 209.81273  -0.01624
  0.01400 209.79085   0.17702   0.04650  29.15920   2.63623 -173.45183  -5.08604   0.00009   0.12486  50.78472  -6.70781   0.00001  -0.02491   0.00003  -0.00008 209.79093  -0.04835
  0.01410 209.76896   0.29810   0.06275  29.91458   3.62488 -177.11054  -5.10339   0.00039   0.12780  50.80562  -6.70965   0.00001  -0.02474  -0.00014   0.00009 209.76918  -0.08142
  0.01420 209.74704   0.42109   0.07646  30.62721   4.42426 -180.80496  -5.12110   0.00080   0.13083  50.82652  -6.71149   0.00002  -0.02491   0.00003  -0.00008 209.74748  -0.11503
  0.01430 209.72509   0.54565   0.08880  31.31098   5.11610 -184.50993  -5.13918   0.00128   0.13394  50.84741  -6.71332   0.00002  -0.02474  -0.00014   0.00009 209.72582  -0.14907
  0.01440 209.70310   0.67165   0.10031  31.97957   5.73659 -188.21793  -5.15763   0.00184   0.13712  50.86831  -6.71514   0.00003  -0.02491   0.00003  -0.00008 209.70420  -0.18351
  0.01450 209.68107   0.79902   0.11126  32.63280   6.30607 -191.92309  -5.17645   0.00246   0.14037  50.88920  -6.71696   0.00004  -0.02474  -0.00014   0.00009 209.68262  -0.21833
  0.01460 209.65900   0.92770   0.12181  33.27856   6.83640 -195.62354  -5.19564   0.00314   0.14370  50.91009  -6.71877   0.00005  -0.02491   0.00003  -0.00008 209.66108  -0.25352
  0.01470 209.63687   1.05769   0.13209  33.91385   7.33611 -199.31626  -5.21520   0.00388   0.14709  50.93097  -6.72058   0.00006  -0.02474  -0.00014   0.00009 209.63958  -0.28908
  0.01480 209.61469   1.18896   0.14216  34.54506   7.81053 -203.00165  -5.23513   0.00466   0.15055  50.95186  -6.72238   0.00008  -0.02491   0.00003  -0.00008 209.61811  -0.32499
  0.01490 209.59245   1.32149   0.15208  35.16823   8.26420 -206.67752  -5.25543   0.00550   0.15408  50.97275  -6.72417   0.00009  -0.02474  -0.00014   0.00009 209.59667  -0.36125
  0.01500 209.56972   1.45472   0.16183  35.78332   8.71527 -210.47779  -5.27609   0.00639   0.15768  50.99363  -6.72596   0.00010  -0.02491   0.00003  -0.00008 209.57483  -0.39771
  0.01510 209.54692   1.58920   0.17151  36.39145   9.15071 -214.26341  -5.29714   0.00732   0.16135  51.01451  -6.72774   0.00012  -0.02474  -0.00014   0.00009 209.55301  -0.43452
  0.01520 209.52402   1.72488   0.18114  36.99778   9.57215 -218.03142  -5.31856   0.00830   0.16508  51.03539  -6.72952   0.00013  -0.02491   0.00003  -0.00008 209.53120  -0.47167
  0.01530 209.50104   1.86175   0.19074  37.59769   9.98163 -221.77998  -5.34036   0.00933   0.16887  51.05627  -6.73129   0.00015  -0.02474  -0.00014   0.00009 209.50939  -0.50915
  0.01540 209.47795   1.99980   0.20033  38.19650  10.38011 -225.51020  -5.36254   0.01039   0.17273  51.07715  -6.73305   0.00016  -0.02491   0.00003  -0.00008 209.48760  -0.54696
  0.01550 209.45478   2.13902   0.20992  38.78947  10.76912 -229.22034  -5.38508   0.01150   0.17665  51.09802  -6.73481   0.00018  -0.02474  -0.00014   0.00009 209.46580  -0.58510
  0.01560 209.43147   2.27917   0.21952  39.38000  11.14921 -232.88898  -5.40800   0.01266   0.18064  51.11889  -6.73657   0.00020  -0.02491   0.00003  -0.00008 209.44399  -0.62351
  0.01570 209.40794   2.41941   0.22914  39.95636  11.52163 -236.42865  -5.43129   0.01385   0.18469  51.13976  -6.73831   0.00022  -0.02474  -0.00014   0.00009 209.42204  -0.66194
  0.01580 209.38419   2.55969   0.23878  40.52375  11.88686 -239.84069  -5.45493   0.01508   0.18880  51.16063  -6.74005   0.00023  -0.02491   0.00003  -0.00008 209.39997  -0.70040
  0.01590 209.36020   2.69997   0.24846  41.07737  12.24602 -243.12361  -5.47891   0.01636   0.19298  51.18150  -6.74179   0.00025  -0.02474  -0.00014   0.00009 209.37776  -0.73886
  0.01600 209.33599   2.84018   0.25818  41.62238  12.59938 -246.27885  -5.50321   0.01767   0.19721  51.20237  -6.74352   0.00027  -0.02491   0.00003  -0.00008 209.35542  -0.77732
  0.01610 209.31102   2.97967   0.26789  42.14765  12.96274 -249.47400  -5.52784   0.01902   0.20150  51.22323  -6.74525   0.00029  -0.02474  -0.00014   0.00009 209.33240  -0.81559
  0.01620 209.28598   3.12025   0.27765  42.67447  13.32117 -252.66363  -5.55278   0.02041   0.20585  51.24410  -6.74696   0.00031  -0.02491   0.00003  -0.00008 209.30942  -0.85416
  0.01630 209.26086   3.26192   0.28748  43.19792  13.67539 -255.84619  -5.57804   0.02184   0.21026  51.26496  -6.74868   0.00034  -0.02474  -0.00014   0.00009 209.28648  -0.89304
  0.01640 209.23566   3.40468   0.29738  43.72305  14.02528 -259.02308  -5.60362   0.02331   0.21472  51.28581  -6.75039   0.00036  -0.02491   0.00003  -0.00008 209.26357  -0.93223
  0.01650 209.21038   3.54853   0.30734  44.24495  14.37148 -262.19276  -5.62952   0.02482   0.21924  51.30667  -6.75209   0.00038  -0.02474  -0.00014   0.00009 209.24070  -0.97173
  0.01660 209.18502   3.69345   0.31736  44.76865  14.71384 -265.35663  -5.65573   0.02636   0.22381  51.32753  -6.75379   0.00040  -0.02491   0.00003  -0.00008 209.21786  -1.01153
  0.01670 209.15957   3.83946   0.32746  45.28927  15.05294 -268.51366  -5.68226   0.02794   0.22845  51.34838  -6.75549   0.00043  -0.02474  -0.00014   0.00009 209.19506  -1.05164
  0.01680 209.13402   3.98654   0.33763  45.81183  15.38858 -271.66527  -5.70911   0.02956   0.23314  51.36923  -6.75718   0.00045  -0.02491   0.00003  -0.00008 209.17229  -1.09205
  0.01690 209.10839   4.13470   0.34787  46.33139  15.72132 -274.80996  -5.73627   0.03122   0.23788  51.39008  -6.75886   0.00048  -0.02474  -0.00014   0.00009 209.14955  -1.13276
  0.01700 209.08265   4.28394   0.35817  46.85298  16.05092 -277.94912  -5.76374   0.03292   0.24269  51.41093  -6.76054   0.00050  -0.02491   0.00003  -0.00008 209.12684  -1.17378
  0.01710 209.05682   4.43425   0.36855  47.37169  16.37791 -281.08170  -5.79153   0.03465   0.24754  51.43177  -6.76221   0.00053  -0.02474  -0.00014   0.00009 209.10417  -1.21510
  0.01720 209.03027   4.58491   0.37894  47.88539  16.71818 -284.41341  -5.81963   0.03642   0.25246  51.45262  -6.76388   0.00055  -0.02491   0.00003  -0.00008 209.08090  -1.25654
  0.01730 209.00363   4.73683   0.38940  48.39714  17.05596 -287.74909  -5.84806   0.03822   0.25743  51.47346  -6.76554   0.00058  -0.02474  -0.00014   0.00009 209.05767  -1.29832
  0.01740 208.97690   4.88999   0.39994  48.91195  17.39097 -291.09025  -5.87683   0.04007   0.26246  51.49430  -6.76720   0.00061  -0.02491   0.00003  -0.00008 209.03449  -1.34046
  0.01750 208.95007   5.04440   0.41056  49.42487  17.72367 -294.43547  -5.90593   0.04195   0.26754  51.51514  -6.76886   0.00063  -0.02474  -0.00014   0.00009 209.01136  -1.38295
  0.01760 208.92316   5.20012   0.42126  49.94140  18.05377 -297.79223  -5.93537   0.04387   0.27268  51.53597  -6.77050   0.00066  -0.02491   0.00003  -0.00008 208.98829  -1.42580
  0.01770 208.89619   5.35730   0.43204  50.45777  18.38172 -301.17381  -5.96514   0.04583   0.27788  51.55681  -6.77215   0.00069  -0.02474  -0.00014   0.00009 208.96532  -1.46907
  0.01780 208.86917   5.51595   0.44289  50.97900  18.70720 -304.58191  -5.99524   0.04782   0.28313  51.57764  -6.77379   0.00072  -0.02491   0.00003  -0.00008 208.94246  -1.51275
  0.01790 208.84208   5.67608   0.45383  51.50016  19.03063 -308.01532  -6.02569   0.04985   0.28844  51.59847  -6.77542   0.00075  -0.02474  -0.00014   0.00009 208.91970  -1.55685
  0.01800 208.81494   5.83769   0.46484  52.02625  19.35168 -311.47571  -6.05648   0.05192   0.29381  51.61930  -6.77705   0.00078  -0.02491   0.00003  -0.00008 208.89704  -1.60136
  0.01810 208.78774   6.00073   0.47592  52.55161  19.67078 -314.95279  -6.08762   0.05403   0.29924  51.64012  -6.77867   0.00081  -0.02474  -0.00014   0.00009 208.87449  -1.64627
  0.01820 208.76048   6.16514   0.48708  53.08094  19.98757 -318.44472  -6.11911   0.05617   0.30472  51.66095  -6.78029   0.00084  -0.02491   0.00003  -0.00008 208.85206  -1.69158
  0.01830 208.73344   6.32859   0.49813  53.58624  20.30993 -322.04480  -6.15094   0.05836   0.31026  51.68177  -6.78190   0.00087  -0.02474  -0.00014   0.00009 208.82995  -1.73662
  0.01840 208.70634   6.49346   0.50926  54.09556  20.63005 -325.65976  -6.18313   0.06057   0.31585  51.70259  -6.78351   0.00090  -0.02491   0.00003  -0.00008 208.80795  -1.78206
  0.01850 208.67913   6.65951   0.52047  54.60175  20.94833 -329.26078  -6.21569   0.06283   0.32151  51.72341  -6.78511   0.00094  -0.02474  -0.00014   0.00009 208.78601  -1.82784
  0.01860 208.65175   6.82616   0.53175  55.10507  21.26447 -332.79120  -6.24860   0.06512   0.32722  51.74423  -6.78671   0.00097  -0.02491   0.00003  -0.00008 208.76406  -1.87379
  0.01870 208.62419   6.99338   0.54310  55.60059  21.57891 -336.24934  -6.28187   0.06745   0.33298  51.76504  -6.78830   0.00100  -0.02474  -0.00014   0.00009 208.74208  -1.91992
  0.01880 208.59645   7.16115   0.55454  56.09325  21.89136 -339.63643  -6.31548   0.06982   0.33880  51.78586  -6.78989   0.00104  -0.02491   0.00003  -0.00008 208.72008  -1.96620
  0.01890 208.56854   7.32945   0.56605  56.57815  22.20228 -342.95134  -6.34943   0.07222   0.34467  51.80667  -6.79147   0.00107  -0.02474  -0.00014   0.00009 208.69805  -2.01264
  0.01900 208.54049   7.49892   0.57764  57.06600  22.51134 -346.26642  -6.38371   0.07467   0.35060  51.82748  -6.79305   0.00111  -0.02491   0.00003  -0.00008 208.67607  -2.05942
  0.01910 208.51230   7.66958   0.58930  57.55186  22.81895 -349.58021  -6.41832   0.07714   0.35658  51.84829  -6.79462   0.00114  -0.02474  -0.00014   0.00009 208.65414  -2.10653
  0.01920 208.48398   7.84142   0.60104  58.04068  23.12476 -352.89416  -6.45327   0.07966   0.36262  51.86909  -6.79619   0.00118  -0.02491   0.00003  -0.00008 208.63226  -2.15397
  0.01930 208.45553   8.01445   0.61286  58.52753  23.42918 -356.20683  -6.48854   0.08221   0.36871  51.88990  -6.79776   0.00121  -0.02474  -0.00014   0.00009 208.61043  -2.20176
  0.01940 208.42904   8.18379   0.61672  58.83491  23.06259 -359.37921  -6.52414   0.08480   0.37486  51.91070  -6.79932   0.00125  -0.02491   0.00003  -0.00008 208.59055  -2.24851
  0.01950 208.40241   8.35426   0.62049  59.14099  22.70048 -362.55061  -6.56007   0.08736   0.38103  51.93150  -6.80087   0.00129  -0.02474  -0.00014   0.00009 208.57072  -2.29560
  0.01960 208.37564   8.52587   0.62415  59.45070  22.34235 -365.72247  -6.59631   0.08989   0.38723  51.95230  -6.80243   0.00132  -0.02491   0.00003  -0.00008 208.55092  -2.34300
  0.01970 208.34873   8.69861   0.62772  59.75905  21.98849 -368.89334  -6.63286   0.09238   0.39346  51.97310  -6.80397   0.00136  -0.02474  -0.00014   0.00009 208.53118  -2.39072
  0.01980 208.32167   8.87249   0.63118  60.07097  21.63842 -372.06466  -6.66974   0.09485   0.39973  51.99390  -6.80552   0.00139  -0.02491   0.00003  -0.00008 208.51148  -2.43877
  0.01990 208.29446   9.04750   0.63455  60.38148  21.29244 -375.23496  -6.70693   0.09729   0.40602  52.01469  -6.80705   0.00143  -0.02474  -0.00014   0.00009 208.49182  -2.48714
  0.02000 208.26709   9.22363   0.63781  60.69550  20.95007 -378.40568  -6.74443   0.09970   0.41234  52.03548  -6.80859   0.00146  -0.02491   0.00003  -0.00008 208.47222  -2.53583
  0.02010 208.23958   9.40091   0.64098  61.00808  20.61162 -381.57538  -6.78226   0.10209   0.41868  52.05627  -6.81012   0.00150  -0.02474  -0.00014   0.00009 208.45265  -2.58484
  0.02020 208.21190   9.57931   0.64405  61.32411  20.27661 -384.74548  -6.82040   0.10444   0.42506  52.07706  -6.81165   0.00153  -0.02491   0.00003  -0.00008 208.43314  -2.63418
  0.02030 208.18407   9.75885   0.64701  61.63865  19.94535 -387.91454  -6.85886   0.10677   0.43147  52.09785  -6.81317   0.00156  -0.02474  -0.00014   0.00009 208.41367  -2.68384
  0.02040 208.15607   9.93951   0.64988  61.95660  19.61738 -391.08399  -6.89763   0.10908   0.43791  52.11864  -6.81469   0.00160  -0.02491   0.00003  -0.00008 208.39425  -2.73381
  0.02050 208.13043  10.11494   0.65307  62.22736  19.31048 -393.98211  -6.93673   0.11135   0.44438  52.13942  -6.81620   0.00163  -0.02474  -0.00014   0.00009 208.37709  -2.78233
  0.02060 208.10462  10.29140   0.65615  62.50137  19.00621 -396.88067  -6.97611   0.11361   0.45088  52.16020  -6.81771   0.00166  -0.02491   0.00003  -0.00008 208.35997  -2.83114
  0.02070 208.07866  10.46890   0.65914  62.77369  18.70490 -399.77825  -7.01578   0.11584   0.45740  52.18098  -6.81922   0.00170  -0.02474  -0.00014   0.00009 208.34289  -2.88025
  0.02080 208.05252  10.64742   0.66202  63.04922  18.40611 -402.67626  -7.05574   0.11804   0.46394  52.20176  -6.82072   0.00173  -0.02491   0.00003  -0.00008 208.32585  -2.92965
  0.02090 208.02623  10.82698   0.66481  63.32302  18.11018 -405.57328  -7.09599   0.12023   0.47052  52.22254  -6.82222   0.00176  -0.02474  -0.00014   0.00009 208.30885  -2.97934
  0.02100 207.99975  11.00757   0.66749  63.60001  17.81667 -408.47073  -7.13653   0.12239   0.47712  52.24332  -6.82371   0.00179  -0.02491   0.00003  -0.00008 208.29189  -3.02933
  0.02110 207.97311  11.18919   0.67008  63.87523  17.52594 -411.36718  -7.17736   0.12452   0.48374  52.26410  -6.82521   0.00182  -0.02474  -0.00014   0.00009 208.27497  -3.07961
  0.02120 207.94629  11.37184   0.67257  64.15361  17.23754 -414.26405  -7.21849   0.12664   0.49039  52.28487  -6.82670   0.00185  -0.02491   0.00003  -0.00008 208.25809  -3.13018
  0.02130 207.91930  11.55552   0.67496  64.43019  16.95182 -417.15991  -7.25990   0.12874   0.49707  52.30564  -6.82818   0.00189  -0.02474  -0.00014   0.00009 208.24125  -3.18105
  0.02140 207.89212  11.74023   0.67725  64.70990  16.66836 -420.05619  -7.30159   0.13081   0.50378  52.32641  -6.82966   0.00192  -0.02491   0.00003  -0.00008 208.22446  -3.23222
  0.02150 207.86476  11.92597   0.67944  64.98779  16.38748 -422.95145  -7.34358   0.13286   0.51051  52.34718  -6.83114   0.00195  -0.02474  -0.00014   0.00009 208.20771  -3.28367
  0.02160 207.84772  12.06994   0.68396  64.95547  16.33106 -421.93114  -7.38586   0.13489   0.51727  52.36795  -6.83262   0.00198  -0.02491   0.00003  -0.00008 208.19901  -3.32349
  0.02170 207.83061  12.21353   0.68845  64.92103  16.27497 -420.91020  -7.42804   0.13692   0.52402  52.38872  -6.83409   0.00201  -0.02474  -0.00014   0.00009 208.19031  -3.36322
  0.02180 207.81342  12.35673   0.69290  64.88938  16.21884 -419.89005  -7.47011   0.13895   0.53078  52.40949  -6.83557   0.00204  -0.02491   0.00003  -0.00008 208.18162  -3.40284
  0.02190 207.79615  12.49956   0.69732  64.85560  16.16304 -418.86928  -7.51209   0.14098   0.53753  52.43025  -6.83704   0.00207  -0.02474  -0.00014   0.00009 208.17293  -3.44236
  0.02200 207.77882  12.64200   0.70169  64.82461  16.10720 -417.84931  -7.55396   0.14301   0.54428  52.45102  -6.83852   0.00210  -0.02491   0.00003  -0.00008 208.16423  -3.48179
  0.02210 207.76140  12.78406   0.70604  64.79148  16.05169 -416.82872  -7.59572   0.14503   0.55103  52.47178  -6.84000   0.00213  -0.02474  -0.00014   0.00009 208.15555  -3.52111
  0.02220 207.74392  12.92574   0.71034  64.76114  15.99613 -415.80892  -7.63739   0.14706   0.55778  52.49254  -6.84148   0.00216  -0.02491   0.00003  -0.00008 208.14686  -3.56033
  0.02230 207.72636  13.06704   0.71461  64.72865  15.94090 -414.78850  -7.67895   0.14908   0.56452  52.51331  -6.84296   0.00219  -0.02474  -0.00014   0.00009 208.13817  -3.59945
  0.02240 207.70873  13.20796   0.71885  64.69895  15.88562 -413.76887  -7.72041   0.15110   0.57126  52.53407  -6.84444   0.00222  -0.02491   0.00003  -0.00008 208.12949  -3.63847
  0.02250 207.69104  13.34850   0.72305  64.66709  15.83068 -412.74862  -7.76177   0.15312   0.57801  52.55483  -6.84593   0.00225  -0.02474  -0.00014   0.00009 208.12081  -3.67739
  0.02260 207.67327  13.48865   0.72721  64.63801  15.77568 -411.72917  -7.80303   0.15514   0.58475  52.57559  -6.84741   0.00228  -0.02491   0.00003  -0.00008 208.11213  -3.71622
  0.02270 207.65618  13.62771   0.73138  64.60150  15.72595 -410.61635  -7.84418   0.15715   0.59148  52.59634  -6.84889   0.00231  -0.02474  -0.00014   0.00009 208.10415  -3.75473
  0.02280 207.63902  13.76636   0.73551  64.56776  15.67616 -409.50433  -7.88523   0.15917   0.59822  52.61710  -6.85038   0.00234  -0.02491   0.00003  -0.00008 208.09617  -3.79313
  0.02290 207.62179  13.90459   0.73961  64.53186  15.62669 -408.39167  -7.92616   0.16118   0.60495  52.63786  -6.85186   0.00237  -0.02474  -0.00014   0.00009 208.08819  -3.83142
  0.02300 207.60451  14.04241   0.74368  64.49873  15.57716 -407.27982  -7.96698   0.16320   0.61168  52.65861  -6.85335   0.00240  -0.02491   0.00003  -0.00008 208.08021  -3.86960
  0.02310 207.58716  14.17982   0.74771  64.46343  15.52795 -406.16734  -8.00769   0.16521   0.61841  52.67937  -6.85484   0.00243  -0.02474  -0.00014   0.00009 208.07223  -3.90768
  0.02320 207.56975  14.31681   0.75171  64.43089  15.47867 -405.05566  -8.04829   0.16722   0.62514  52.70012  -6.85633   0.00246  -0.02491   0.00003  -0.00008 208.06426  -3.94564
  0.02330 207.55227  14.45338   0.75568  64.39618  15.42971 -403.94335  -8.08877   0.16923   0.63186  52.72088  -6.85782   0.00249  -0.02474  -0.00014   0.00009 208.05628  -3.98349
  0.02340 207.53474  14.58955   0.75962  64.36423  15.38069 -402.83185  -8.12915   0.17124   0.63858  52.74163  -6.85931   0.00252  -0.02491   0.00003  -0.00008 208.04831  -4.02124
  0.02350 207.51715  14.72530   0.76352  64.33011  15.33199 -401.71971  -8.16941   0.17324   0.64530  52.76238  -6.86080   0.00255  -0.02474  -0.00014   0.00009 208.04034  -4.05887
  0.02360 207.49949  14.86063   0.76739  64.29873  15.28322 -400.60837  -8.20956   0.17525   0.65202  52.78313  -6.86229   0.00258  -0.02491   0.00003  -0.00008 208.03237  -4.09640
  0.02370 207.48178  14.99556   0.77123  64.26517  15.23477 -399.49641  -8.24960   0.17725   0.65874  52.80388  -6.86378   0.00261  -0.02474  -0.00014   0.00009 208.02440  -4.13381
  0.02380 207.45600  15.16276   0.77336  64.47684  15.02531 -401.52691  -8.28953   0.17926   0.66545  52.82463  -6.86528   0.00264  -0.02491   0.00003  -0.00008 208.01081  -4.18026
  0.02390 207.43005  15.33067   0.77540  64.68638  14.81703 -403.55651  -8.32967   0.18125   0.67219  52.84537  -6.86677   0.00267  -0.02474  -0.00014   0.00009 207.99725  -4.22691
  0.02400 207.40395  15.49930   0.77736  64.89873  14.60953 -405.58662  -8.37000   0.18322   0.67894  52.86612  -6.86826   0.00270  -0.02491   0.00003  -0.00008 207.98372  -4.27377
  0.02410 207.37767  15.66865   0.77923  65.10893  14.40319 -407.61582  -8.41054   0.18519   0.68572  52.88687  -6.86974   0.00273  -0.02474  -0.00014   0.00009 207.97022  -4.32084
  0.02420 207.35124  15.83871   0.78102  65.32192  14.19762 -409.64555  -8.45128   0.18713   0.69251  52.90761  -6.87123   0.00276  -0.02491   0.00003  -0.00008 207.95675  -4.36811
  0.02430 207.32463  16.00948   0.78271  65.53277  13.99320 -411.67436  -8.49223   0.18907   0.69933  52.92835  -6.87271   0.00279  -0.02474  -0.00014   0.00009 207.94331  -4.41558
  0.02440 207.29786  16.18097   0.78433  65.74638  13.78954 -413.70369  -8.53337   0.19099   0.70617  52.94909  -6.87419   0.00282  -0.02491   0.00003  -0.00008 207.92989  -4.46326
  0.02450 207.27091  16.35317   0.78585  65.95783  13.58702 -415.73212  -8.57472   0.19290   0.71302  52.96984  -6.87567   0.00285  -0.02474  -0.00014   0.00009 207.91651  -4.51115
  0.02460 207.24380  16.52609   0.78729  66.17203  13.38525 -417.76106  -8.61628   0.19480   0.71990  52.99057  -6.87714   0.00288  -0.02491   0.00003  -0.00008 207.90316  -4.55925
  0.02470 207.21651  16.69972   0.78865  66.38406  13.18460 -419.78909  -8.65803   0.19668   0.72680  53.01131  -6.87861   0.00291  -0.02474  -0.00014   0.00009 207.88984  -4.60755
  0.02480 207.18904  16.87406   0.78992  66.59882  12.98468 -421.81765  -8.69999   0.19856   0.73372  53.03205  -6.88008   0.00294  -0.02491   0.00003  -0.00008 207.87654  -4.65605
  0.02490 207.15498  16.95756   0.78985  66.02720  12.76762 -417.13707  -8.74215   0.20042   0.74066  53.05279  -6.88155   0.00297  -0.02474  -0.00014   0.00009 207.84939  -4.67976
  0.02500 207.12101  17.03935   0.78972  65.45849  12.55218 -412.45834  -8.78385   0.20225   0.74755  53.07352  -6.88302   0.00300  -0.02491   0.00003  -0.00008 207.82222  -4.70300
  0.02510 207.08714  17.11945   0.78954  64.88780  12.33873 -407.78004  -8.82507   0.20407   0.75437  53.09425  -6.88450   0.00302  -0.02474  -0.00014   0.00009 207.79505  -4.72577
  0.02520 207.05337  17.19784   0.78930  64.32001  12.12687 -403.10359  -8.86583   0.20586   0.76113  53.11497  -6.88599   0.00305  -0.02491   0.00003  -0.00008 207.76786  -4.74808
  0.02530 207.01970  17.27454   0.78901  63.75021  11.91696 -398.42757  -8.90612   0.20763   0.76784  53.13570  -6.88748   0.00308  -0.02474  -0.00014   0.00009 207.74068  -4.76994
  0.02540 206.98614  17.34954   0.78866  63.18330  11.70860 -393.75340  -8.94594   0.20938   0.77448  53.15642  -6.88898   0.00311  -0.02491   0.00003  -0.00008 207.71348  -4.79132
  0.02550 206.95269  17.42285   0.78826  62.61437  11.50213 -389.07968  -8.98530   0.21110   0.78107  53.17713  -6.89049   0.00313  -0.02474  -0.00014   0.00009 207.68628  -4.81225
  0.02560 206.91934  17.49445   0.78781  62.04832  11.29717 -384.40780  -9.02419   0.21280   0.78760  53.19785  -6.89200   0.00316  -0.02491   0.00003  -0.00008 207.65908  -4.83271
  0.02570 206.88612  17.56437   0.78730  61.48024  11.09408 -379.73637  -9.06261   0.21448   0.79406  53.21856  -6.89352   0.00318  -0.02474  -0.00014   0.00009 207.63187  -4.85270
  0.02580 206.85300  17.63259   0.78675  60.91501  10.89244 -375.06679  -9.10057   0.21614   0.80047  53.23926  -6.89505   0.00321  -0.02491   0.00003  -0.00008 207.60465  -4.87224
  0.02590 206.82000  17.69913   0.78614  60.34774  10.69263 -370.39765  -9.13805   0.21777   0.80682  53.25997  -6.89658   0.00323  -0.02474  -0.00014   0.00009 207.57743  -4.89131
  0.02600 206.78633  17.76282   0.78543  59.77285  10.60087 -368.12921  -9.17507   0.21938   0.81311  53.28067  -6.89812   0.00326  -0.02491   0.00003  -0.00008 207.54932  -4.90962
  0.02610 206.75270  17.82570   0.78472  59.19592  10.51015 -365.86064  -9.21187   0.22098   0.81935  53.30137  -6.89966   0.00328  -0.02474  -0.00014   0.00009 207.52120  -4.92771
  0.02620 206.71912  17.88774   0.78399  58.62183  10.42007 -363.59335  -9.24844   0.22258   0.82552  53.32206  -6.90121   0.00331  -0.02491   0.00003  -0.00008 207.49308  -4.94558
  0.02630 206.68559  17.94897   0.78325  58.04569  10.33102 -361.32594  -9.28478   0.22417   0.83164  53.34275  -6.90277   0.00333  -0.02474  -0.00014   0.00009 207.46496  -4.96322
  0.02640 206.65210  18.00937   0.78251  57.47239  10.24260 -359.05981  -9.32089   0.22574   0.83770  53.36344  -6.90434   0.00336  -0.02491   0.00003  -0.00008 207.43684  -4.98064
  0.02650 206.61867  18.06896   0.78175  56.89703  10.15518 -356.79356  -9.35678   0.22731   0.84370  53.38412  -6.90591   0.00338  -0.02474  -0.00014   0.00009 207.40871  -4.99784
  0.02660 206.58529  18.12771   0.78099  56.32450  10.06838 -354.52859  -9.39244   0.22887   0.84964  53.40480  -6.90748   0.00340  -0.02491   0.00003  -0.00008 207.38058  -5.01482
  0.02670 206.55196  18.18566   0.78022  55.74990   9.98256 -352.26350  -9.42787   0.23043   0.85553  53.42548  -6.90907   0.00342  -0.02474  -0.00014   0.00009 207.35245  -5.03157
  0.02680 206.51868  18.24278   0.77944  55.17813   9.89735 -349.99969  -9.46308   0.23197   0.86136  53.44615  -6.91066   0.00345  -0.02491   0.00003  -0.00008 207.32432  -5.04811
  0.02690 206.48546  18.29908   0.77866  54.60428   9.81311 -347.73576  -9.49806   0.23351   0.86713  53.46683  -6.91226   0.00347  -0.02474  -0.00014   0.00009 207.29619  -5.06442
  0.02700 206.45230  18.35456   0.77787  54.03324   9.72946 -345.47312  -9.53282   0.23504   0.87284  53.48749  -6.91386   0.00349  -0.02491   0.00003  -0.00008 207.26805  -5.08050
  0.02710 206.41700  18.40110   0.77673  53.38639   9.66001 -343.51780  -9.56734   0.23656   0.87850  53.50816  -6.91547   0.00351  -0.02474  -0.00014   0.00009 207.23702  -5.09418
  0.02720 206.38175  18.44694   0.77558  52.74239   9.59110 -341.56373  -9.60168   0.23807   0.88409  53.52882  -6.91709   0.00353  -0.02491   0.00003  -0.00008 207.20598  -5.10767
  0.02730 206.34656  18.49207   0.77445  52.09636   9.52309 -339.60952  -9.63581   0.23958   0.88961  53.54947  -6.91871   0.00355  -0.02474  -0.00014   0.00009 207.17495  -5.12097
  0.02740 206.31142  18.53650   0.77331  51.45318   9.45560 -337.65656  -9.66976   0.24108   0.89507  53.57013  -6.92035   0.00357  -0.02491   0.00003  -0.00008 207.14392  -5.13408
  0.02750 206.27634  18.58023   0.77218  50.80796   9.38901 -335.70346  -9.70350   0.24257   0.90047  53.59078  -6.92198   0.00359  -0.02474  -0.00014   0.00009 207.11289  -5.14700
  0.02760 206.24132  18.62325   0.77106  50.16558   9.32291 -333.75161  -9.73705   0.24406   0.90580  53.61142  -6.92363   0.00361  -0.02491   0.00003  -0.00008 207.08187  -5.15972
  0.02770 206.20635  18.66558   0.76994  49.52116   9.25770 -331.79962  -9.77041   0.24554   0.91107  53.63206  -6.92529   0.00363  -0.02474  -0.00014   0.00009 207.05085  -5.17226
  0.02780 206.17144  18.70720   0.76882  48.87957   9.19297 -329.84889  -9.80357   0.24702   0.91627  53.65270  -6.92695   0.00365  -0.02491   0.00003  -0.00008 207.01983  -5.18460
  0.02790 206.13658  18.74812   0.76771  48.23594   9.12911 -327.89801  -9.83654   0.24849   0.92141  53.67334  -6.92862   0.00366  -0.02474  -0.00014   0.00009 206.98882  -5.19675
  0.02800 206.10179  18.78834   0.76660  47.59513   9.06573 -325.94838  -9.86931   0.24995   0.92648  53.69397  -6.93029   0.00368  -0.02491   0.00003  -0.00008 206.95781  -5.20871
  0.02810 206.06705  18.82786   0.76550  46.95227   9.00320 -323.99861  -9.90188   0.25140   0.93149  53.71460  -6.93197   0.00370  -0.02474  -0.00014   0.00009 206.92681  -5.22048
  0.02820 206.03195  18.86493   0.76433  46.29643   8.94219 -322.07503  -9.93427   0.25285   0.93643  53.73522  -6.93366   0.00371  -0.02491   0.00003  -0.00008 206.89522  -5.23159
  0.02830 205.99690  18.90131   0.76317  45.63855   8.88201 -320.15131  -9.96645   0.25429   0.94131  53.75584  -6.93536   0.00373  -0.02474  -0.00014   0.00009 206.86364  -5.24251
  0.02840 205.96192  18.93701   0.76201  44.98349   8.82230 -318.22884  -9.99845   0.25573   0.94612  53.77645  -6.93707   0.00375  -0.02491   0.00003  -0.00008 206.83206  -5.25325
  0.02850 205.92700  18.97202   0.76087  44.32638   8.76341 -316.30624 -10.03025   0.25716   0.95087  53.79707  -6.93878   0.00376  -0.02474  -0.00014   0.00009 206.80049  -5.26379
  0.02860 205.89214  19.00633   0.75973  43.67209   8.70496 -314.38489 -10.06187   0.25858   0.95555  53.81768  -6.94050   0.00378  -0.02491   0.00003  -0.00008 206.76893  -5.27415
  0.02870 205.85734  19.03996   0.75860  43.01575   8.64733 -312.46341 -10.09329   0.26000   0.96017  53.83828  -6.94223   0.00379  -0.02474  -0.00014   0.00009 206.73737  -5.28431
  0.02880 205.82261  19.07291   0.75747  42.36221   8.59012 -310.54318 -10.12451   0.26141   0.96472  53.85888  -6.94396   0.00381  -0.02491   0.00003  -0.00008 206.70582  -5.29429
  0.02890 205.78794  19.10517   0.75636  41.70663   8.53372 -308.62281 -10.15555   0.26281   0.96920  53.87948  -6.94570   0.00382  -0.02474  -0.00014   0.00009 206.67428  -5.30408
  0.02900 205.75334  19.13673   0.75525  41.05385   8.47773 -306.70370 -10.18639   0.26421   0.97362  53.90007  -6.94745   0.00383  -0.02491   0.00003  -0.00008 206.64274  -5.31369
  0.02910 205.71880  19.16762   0.75415  40.39901   8.42252 -304.78445 -10.21704   0.26560   0.97797  53.92066  -6.94921   0.00385  -0.02474  -0.00014   0.00009 206.61121  -5.32310
  0.02920 205.68433  19.19782   0.75306  39.74696   8.36772 -302.86646 -10.24750   0.26698   0.98225  53.94125  -6.95097   0.00386  -0.02491   0.00003  -0.00008 206.57969  -5.33233
  0.02930 205.64993  19.22734   0.75198  39.09286   8.31370 -300.94833 -10.27777   0.26836   0.98647  53.96183  -6.95275   0.00387  -0.02474  -0.00014   0.00009 206.54818  -5.34137
  0.02940 205.61559  19.25617   0.75091  38.44155   8.26006 -299.03145 -10.30785   0.26973   0.99063  53.98241  -6.95452   0.00388  -0.02491   0.00003  -0.00008 206.51667  -5.35022
  0.02950 205.58132  19.28431   0.74985  37.78818   8.20719 -297.11444 -10.33773   0.27110   0.99471  54.00298  -6.95631   0.00389  -0.02474  -0.00014   0.00009 206.48517  -5.35888
  0.02960 205.54712  19.31178   0.74879  37.13759   8.15469 -295.19868 -10.36742   0.27246   0.99874  54.02355  -6.95810   0.00391  -0.02491   0.00003  -0.00008 206.45368  -5.36736
  0.02970 205.51299  19.33856   0.74775  36.48493   8.10294 -293.28279 -10.39693   0.27381   1.00269  54.04412  -6.95991   0.00392  -0.02474  -0.00014   0.00009 206.42220  -5.37564
  0.02980 205.47892  19.36466   0.74671  35.83506   8.05155 -291.36815 -10.42624   0.27515   1.00658  54.06468  -6.96171   0.00393  -0.02491   0.00003  -0.00008 206.39073  -5.38374
  0.02990 205.44493  19.39008   0.74569  35.18311   8.00090 -289.45337 -10.45535   0.27649   1.01041  54.08524  -6.96353   0.00394  -0.02474  -0.00014   0.00009 206.35927  -5.39166
  0.03000 205.41100  19.41481   0.74467  34.53394   7.95060 -287.53985 -10.48428   0.27782   1.01417  54.10579  -6.96535   0.00395  -0.02491   0.00003  -0.00008 206.32782  -5.39938
  0.03010 205.37715  19.43886   0.74366  33.88270   7.90103 -285.62619 -10.51302   0.27915   1.01787  54.12635  -6.96718   0.00396  -0.02474  -0.00014   0.00009 206.29638  -5.40691
  0.03020 205.34337  19.46224   0.74267  33.23423   7.85179 -283.71378 -10.54156   0.28047   1.02149  54.14689  -6.96902   0.00396  -0.02491   0.00003  -0.00008 206.26495  -5.41426
  0.03030 205.30965  19.48493   0.74168  32.58368   7.80327 -281.80124 -10.56991   0.28178   1.02506  54.16744  -6.97087   0.00397  -0.02474  -0.00014   0.00009 206.23352  -5.42142
  0.03040 205.27601  19.50694   0.74071  31.93590   7.75507 -279.88995 -10.59807   0.28309   1.02856  54.18798  -6.97272   0.00398  -0.02491   0.00003  -0.00008 206.20211  -5.42840
  0.03050 205.24245  19.52828   0.73974  31.28604   7.70756 -277.97852 -10.62604   0.28439   1.03199  54.20851  -6.97458   0.00399  -0.02474  -0.00014   0.00009 206.17071  -5.43518
  0.03060 205.20895  19.54893   0.73879  30.63893   7.66038 -276.06834 -10.65382   0.28568   1.03536  54.22905  -6.97644   0.00400  -0.02491   0.00003  -0.00008 206.13932  -5.44178
  0.03070 205.17553  19.56891   0.73785  29.98975   7.61387 -274.15803 -10.68141   0.28697   1.03866  54.24957  -6.97832   0.00400  -0.02474  -0.00014   0.00009 206.10794  -5.44819
  0.03080 205.14218  19.58821   0.73691  29.34332   7.56767 -272.24897 -10.70881   0.28825   1.04189  54.27010  -6.98020   0.00401  -0.02491   0.00003  -0.00008 206.07657  -5.45441
  0.03090 205.10890  19.60684   0.73599  28.69481   7.52214 -270.33978 -10.73602   0.28952   1.04507  54.29062  -6.98209   0.00402  -0.02474  -0.00014   0.00009 206.04522  -5.46044
  0.03100 205.07570  19.62478   0.73508  28.04905   7.47690 -268.43183 -10.76303   0.29079   1.04817  54.31114  -6.98398   0.00402  -0.02491   0.00003  -0.00008 206.01387  -5.46629
  0.03110 205.04258  19.64205   0.73418  27.40120   7.43233 -266.52375 -10.78986   0.29205   1.05121  54.33165  -6.98589   0.00403  -0.02474  -0.00014   0.00009 205.98254  -5.47195
  0.03120 205.00953  19.65864   0.73329  26.75609   7.38802 -264.61691 -10.81649   0.29331   1.05419  54.35216  -6.98780   0.00403  -0.02491   0.00003  -0.00008 205.95122  -5.47742
  0.03130 204.97655  19.67456   0.73242  26.10890   7.34437 -262.70995 -10.84294   0.29455   1.05710  54.37267  -6.98972   0.00404  -0.02474  -0.00014   0.00009 205.91992  -5.48271
  0.03140 204.94365  19.68980   0.73155  25.46445   7.30098 -260.80423 -10.86919   0.29580   1.05994  54.39317  -6.99164   0.00404  -0.02491   0.00003  -0.00008 205.88862  -5.48780
  0.03150 204.91083  19.70437   0.73070  24.81791   7.25823 -258.89837 -10.89525   0.29703   1.06272  54.41367  -6.99357   0.00404  -0.02474  -0.00014   0.00009 205.85734  -5.49271
  0.03160 204.87808  19.71826   0.72985  24.17410   7.21573 -256.99376 -10.92112   0.29826   1.06543  54.43416  -6.99551   0.00405  -0.02491   0.00003  -0.00008 205.82607  -5.49744
  0.03170 204.84541  19.73148   0.72902  23.52819   7.17385 -255.08902 -10.94680   0.29948   1.06808  54.45465  -6.99746   0.00405  -0.02474  -0.00014   0.00009 205.79481  -5.50197
  0.03180 204.81282  19.74403   0.72820  22.88502   7.13222 -253.18552 -10.97230   0.30069   1.07067  54.47514  -6.99942   0.00405  -0.02491   0.00003  -0.00008 205.76357  -5.50632
  0.03190 204.78030  19.75590   0.72739  22.23976   7.09119 -251.28189 -10.99760   0.30190   1.07318  54.49562  -7.00138   0.00405  -0.02474  -0.00014   0.00009 205.73234  -5.51048
  0.03200 204.74786  19.76710   0.72660  21.59722   7.05040 -249.37950 -11.02271   0.30310   1.07564  54.51610  -7.00335   0.00406  -0.02491   0.00003  -0.00008 205.70113  -5.51445
  0.03210 204.71551  19.77763   0.72581  20.95258   7.01020 -247.47698 -11.04763   0.30430   1.07803  54.53657  -7.00532   0.00406  -0.02474  -0.00014   0.00009 205.66993  -5.51824
  0.03220 204.68322  19.78749   0.72504  20.31066   6.97022 -245.57570 -11.07236   0.30549   1.08035  54.55704  -7.00731   0.00406  -0.02491   0.00003  -0.00008 205.63874  -5.52184
  0.03230 204.65102  19.79667   0.72428  19.66664   6.93083 -243.67429 -11.09690   0.30667   1.08261  54.57751  -7.00930   0.00406  -0.02474  -0.00014   0.00009 205.60757  -5.52525
  0.03240 204.61890  19.80519   0.72353  19.02534   6.89164 -241.77412 -11.12125   0.30784   1.08480  54.59797  -7.01129   0.00406  -0.02491   0.00003  -0.00008 205.57642  -5.52847
  0.03250 204.58686  19.81303   0.72280  18.38194   6.85303 -239.87381 -11.14541   0.30901   1.08693  54.61843  -7.01330   0.00406  -0.02474  -0.00014   0.00009 205.54527  -5.53151
  0.03260 204.55489  19.82021   0.72207  17.74125   6.81461 -237.97475 -11.16938   0.31018   1.08899  54.63889  -7.01531   0.00406  -0.02491   0.00003  -0.00008 205.51415  -5.53436
  0.03270 204.52301  19.82671   0.72136  17.09846   6.77676 -236.07555 -11.19316   0.31133   1.09099  54.65934  -7.01733   0.00406  -0.02474  -0.00014   0.00009 205.48304  -5.53702
  0.03280 204.49120  19.83255   0.72066  16.45838   6.73908 -234.17759 -11.21675   0.31248   1.09292  54.67979  -7.01936   0.00406  -0.02491   0.00003  -0.00008 205.45194  -5.53950
  0.03290 204.45948  19.83772   0.71997  15.81619   6.70196 -232.27950 -11.24015   0.31362   1.09479  54.70023  -7.02139   0.00406  -0.02474  -0.00014   0.00009 205.42087  -5.54179
  0.03300 204.42784  19.84222   0.71930  15.17670   6.66501 -230.38265 -11.26336   0.31476   1.09659  54.72067  -7.02343   0.00405  -0.02491   0.00003  -0.00008 205.38980  -5.54389
  0.03310 204.39627  19.84605   0.71864  14.53511   6.62859 -228.48566 -11.28638   0.31589   1.09833  54.74111  -7.02548   0.00405  -0.02474  -0.00014   0.00009 205.35876  -5.54580
  0.03320 204.36479  19.84922   0.71798  13.89621   6.59233 -226.58991 -11.30921   0.31701   1.10000  54.76154  -7.02754   0.00405  -0.02491   0.00003  -0.00008 205.32773  -5.54753
  0.03330 204.33339  19.85172   0.71735  13.25521   6.55660 -224.69403 -11.33185   0.31813   1.10161  54.78197  -7.02960   0.00405  -0.02474  -0.00014   0.00009 205.29672  -5.54907
  0.03340 204.30208  19.85355   0.71672  12.61690   6.52102 -222.79938 -11.35431   0.31923   1.10316  54.80240  -7.03167   0.00404  -0.02491   0.00003  -0.00008 205.26572  -5.55043
  0.03350 204.27084  19.85471   0.71611  11.97648   6.48595 -220.90460 -11.37657   0.32034   1.10463  54.82282  -7.03375   0.00404  -0.02474  -0.00014   0.00009 205.23474  -5.55159
  0.03360 204.23969  19.85521   0.71550  11.33874   6.45102 -219.01105 -11.39864   0.32143   1.10605  54.84324  -7.03583   0.00403  -0.02491   0.00003  -0.00008 205.20378  -5.55258
  0.03370 204.20862  19.85505   0.71491  10.69890   6.41659 -217.11737 -11.42053   0.32252   1.10740  54.86365  -7.03793   0.00403  -0.02474  -0.00014   0.00009 205.17284  -5.55337
  0.03380 204.17763  19.85422   0.71434  10.06174   6.38228 -215.22493 -11.44222   0.32360   1.10868  54.88406  -7.04002   0.00402  -0.02491   0.00003  -0.00008 205.14191  -5.55398
  0.03390 204.14672  19.85272   0.71377   9.42247   6.34847 -213.33234 -11.46373   0.32468   1.10990  54.90447  -7.04213   0.00402  -0.02474  -0.00014   0.00009 205.11100  -5.55440
  0.03400 204.11590  19.85057   0.71322   8.78588   6.31477 -211.44100 -11.48505   0.32575   1.11106  54.92487  -7.04424   0.00401  -0.02491   0.00003  -0.00008 205.08012  -5.55463
  0.03410 204.08516  19.84775   0.71268   8.14718   6.28154 -209.54951 -11.50618   0.32681   1.11215  54.94527  -7.04637   0.00401  -0.02474  -0.00014   0.00009 205.04925  -5.55468
  0.03420 204.05450  19.84426   0.71215   7.51115   6.24842 -207.65926 -11.52711   0.32787   1.11317  54.96566  -7.04849   0.00400  -0.02491   0.00003  -0.00008 205.01839  -5.55454
  0.03430 204.02393  19.84011   0.71163   6.87300   6.21577 -205.76887 -11.54786   0.32892   1.11413  54.98605  -7.05063   0.00399  -0.02474  -0.00014   0.00009 204.98756  -5.55421
  0.03440 203.99344  19.83530   0.71113   6.23752   6.18320 -203.87972 -11.56842   0.32996   1.11503  55.00644  -7.05277   0.00399  -0.02491   0.00003  -0.00008 204.95675  -5.55370
  0.03450 203.96303  19.82983   0.71064   5.59993   6.15109 -201.99043 -11.58880   0.33100   1.11586  55.02682  -7.05492   0.00398  -0.02474  -0.00014   0.00009 204.92595  -5.55300
  0.03460 203.93271  19.82370   0.71016   4.96501   6.11906 -200.10237 -11.60898   0.33203   1.11663  55.04720  -7.05708   0.00397  -0.02491   0.00003  -0.00008 204.89518  -5.55211
  0.03470 203.90247  19.81691   0.70969   4.32796   6.08747 -198.21417 -11.62897   0.33305   1.11733  55.06757  -7.05924   0.00396  -0.02474  -0.00014   0.00009 204.86442  -5.55104
  0.03480 203.87232  19.80945   0.70923   3.69358   6.05595 -196.32720 -11.64878   0.33406   1.11797  55.08794  -7.06141   0.00395  -0.02491   0.00003  -0.00008 204.83369  -5.54978
  0.03490 203.84225  19.80134   0.70879   3.05707   6.02487 -194.44010 -11.66840   0.33507   1.11854  55.10831  -7.06359   0.00394  -0.02474  -0.00014   0.00009 204.80298  -5.54833
  0.03500 203.81227  19.79256   0.70836   2.42323   5.99383 -192.55422 -11.68783   0.33608   1.11905  55.12867  -7.06577   0.00393  -0.02491   0.00003  -0.00008 204.77228  -5.54670
  0.03510 203.78236  19.78313   0.70794   1.78726   5.96322 -190.66820 -11.70707   0.33707   1.11949  55.14903  -7.06797   0.00392  -0.02474  -0.00014   0.00009 204.74161  -5.54488
  0.03520 203.75255  19.77304   0.70753   1.15394   5.93266 -188.78342 -11.72612   0.33806   1.11987  55.16939  -7.07017   0.00391  -0.02491   0.00003  -0.00008 204.71095  -5.54288
  0.03530 203.72282  19.76229   0.70714   0.51850   5.90250 -186.89849 -11.74498   0.33904   1.12019  55.18974  -7.07237   0.00390  -0.02474  -0.00014   0.00009 204.68032  -5.54069
  0.03540 203.69317  19.75088   0.70675  -0.11429   5.87237 -185.01479 -11.76366   0.34002   1.12044  55.21009  -7.07459   0.00389  -0.02491   0.00003  -0.00008 204.64971  -5.53831
  0.03550 203.66361  19.73881   0.70638  -0.75084   5.84265 -183.13095 -11.78214   0.34099   1.12062  55.23043  -7.07681   0.00388  -0.02474  -0.00014   0.00009 204.61912  -5.53574
  0.03560 203.63413  19.72609   0.70601  -1.38476   5.81294 -181.24834 -11.80044   0.34195   1.12074  55.25077  -7.07903   0.00387  -0.02491   0.00003  -0.00008 204.58856  -5.53299
  0.03570 203.60474  19.71271   0.70566  -2.02079   5.78363 -179.36559 -11.81855   0.34291   1.12080  55.27111  -7.08127   0.00386  -0.02474  -0.00014   0.00009 204.55801  -5.53006
  0.03580 203.57544  19.69867   0.70532  -2.65419   5.75432 -177.48406 -11.83647   0.34386   1.12079  55.29144  -7.08351   0.00384  -0.02491   0.00003  -0.00008 204.52749  -5.52693
  0.03590 203.54622  19.68398   0.70500  -3.28971   5.72539 -175.60239 -11.85421   0.34480   1.12072  55.31177  -7.08576   0.00383  -0.02474  -0.00014   0.00009 204.49699  -5.52362
  0.03600 203.51708  19.66863   0.70468  -3.92260   5.69646 -173.72194 -11.87175   0.34574   1.12059  55.33210  -7.08802   0.00382  -0.02491   0.00003  -0.00008 204.46651  -5.52013
  0.03610 203.48803  19.65262   0.70437  -4.55762   5.66789 -171.84136 -11.88911   0.34666   1.12038  55.35242  -7.09028   0.00380  -0.02474  -0.00014   0.00009 204.43605  -5.51645
  0.03620 203.45906  19.63596   0.70408  -5.19000   5.63932 -169.96199 -11.90628   0.34759   1.12012  55.37273  -7.09255   0.00379  -0.02491   0.00003  -0.00008 204.40562  -5.51258
  0.03630 203.43018  19.61865   0.70380  -5.82452   5.61109 -168.08248 -11.92326   0.34850   1.11979  55.39305  -7.09483   0.00378  -0.02474  -0.00014   0.00009 204.37521  -5.50853
  0.03640 203.40139  19.60068   0.70352  -6.45641   5.58284 -166.20420 -11.94005   0.34941   1.11939  55.41336  -7.09712   0.00376  -0.02491   0.00003  -0.00008 204.34482  -5.50428
  0.03650 203.37268  19.58206   0.70326  -7.09043   5.55494 -164.32577 -11.95666   0.35031   1.11893  55.43366  -7.09941   0.00375  -0.02474  -0.00014   0.00009 204.31446  -5.49986
  0.03660 203.34406  19.56278   0.70301  -7.72184   5.52700 -162.44856 -11.97308   0.35121   1.11841  55.45396  -7.10171   0.00373  -0.02491   0.00003  -0.00008 204.28412  -5.49525
  0.03670 203.31552  19.54285   0.70277  -8.35537   5.49939 -160.57121 -11.98931   0.35210   1.11782  55.47426  -7.10401   0.00371  -0.02474  -0.00014   0.00009 204.25381  -5.49045
  0.03680 203.28707  19.52227   0.70254  -8.98629   5.47173 -158.69508 -12.00535   0.35298   1.11717  55.49456  -7.10633   0.00370  -0.02491   0.00003  -0.00008 204.22351  -5.48546
  0.03690 203.25870  19.50104   0.70232  -9.61934   5.44440 -156.81880 -12.02121   0.35386   1.11645  55.51485  -7.10865   0.00368  -0.02474  -0.00014   0.00009 204.19325  -5.48030
  0.03700 203.23042  19.47915   0.70210 -10.24978   5.41700 -154.94374 -12.03688   0.35473   1.11567  55.53513  -7.11098   0.00366  -0.02491   0.00003  -0.00008 204.16301  -5.47494
  0.03710 203.20222  19.45661   0.70190 -10.88236   5.38992 -153.06854 -12.05236   0.35559   1.11483  55.55541  -7.11331   0.00365  -0.02474  -0.00014   0.00009 204.13279  -5.46940
  0.03720 203.17411  19.43342   0.70171 -11.51233   5.36277 -151.19455 -12.06765   0.35644   1.11392  55.57569  -7.11565   0.00363  -0.02491   0.00003  -0.00008 204.10260  -5.46367
  0.03730 203.14609  19.40959   0.70153 -12.14444   5.33591 -149.32042 -12.08276   0.35729   1.11295  55.59597  -7.11800   0.00361  -0.02474  -0.00014   0.00009 204.07243  -5.45776
  0.03740 203.11815  19.38509   0.70136 -12.77395   5.30898 -147.44750 -12.09768   0.35813   1.11191  55.61624  -7.12036   0.00359  -0.02491   0.00003  -0.00008 204.04229  -5.45166
  0.03750 203.09029  19.35996   0.70119 -13.40560   5.28233 -145.57444 -12.11241   0.35897   1.11080  55.63650  -7.12272   0.00357  -0.02474  -0.00014   0.00009 204.01217  -5.44537
  0.03760 203.06252  19.33416   0.70104 -14.03465   5.25559 -143.70259 -12.12695   0.35980   1.10964  55.65677  -7.12509   0.00355  -0.02491   0.00003  -0.00008 203.98208  -5.43890
  0.03770 203.03484  19.30773   0.70089 -14.66584   5.22913 -141.83060 -12.14131   0.36062   1.10841  55.67703  -7.12747   0.00353  -0.02474  -0.00014   0.00009 203.95202  -5.43224
  0.03780 203.00724  19.28064   0.70076 -15.29444   5.20256 -139.95981 -12.15548   0.36144   1.10711  55.69728  -7.12985   0.00351  -0.02491   0.00003  -0.00008 203.92198  -5.42540
  0.03790 202.97972  19.25290   0.70063 -15.92519   5.17626 -138.08888 -12.16946   0.36225   1.10575  55.71753  -7.13224   0.00349  -0.02474  -0.00014   0.00009 203.89197  -5.41837
  0.03800 202.95229  19.22452   0.70051 -16.55335   5.14985 -136.21916 -12.18326   0.36305   1.10433  55.73778  -7.13464   0.00347  -0.02491   0.00003  -0.00008 203.86198  -5.41116
  0.03810 202.92495  19.19549   0.70040 -17.18365   5.12368 -134.34930 -12.19687   0.36384   1.10284  55.75803  -7.13705   0.00345  -0.02474  -0.00014   0.00009 203.83202  -5.40376
  0.03820 202.89769  19.16581   0.70030 -17.81137   5.09740 -132.48064 -12.21029   0.36463   1.10129  55.77827  -7.13946   0.00343  -0.02491   0.00003  -0.00008 203.80209  -5.39617
  0.03830 202.87052  19.13548   0.70020 -18.44124   5.07135 -130.61183 -12.22353   0.36541   1.09967  55.79850  -7.14188   0.00341  -0.02474  -0.00014   0.00009 203.77218  -5.38840
  0.03840 202.84343  19.10451   0.70011 -19.06853   5.04518 -128.74424 -12.23658   0.36619   1.09799  55.81873  -7.14431   0.00339  -0.02491   0.00003  -0.00008 203.74231  -5.38045
  0.03850 202.81642  19.07289   0.70003 -19.69797   5.01923 -126.87649 -12.24944   0.36696   1.09625  55.83896  -7.14674   0.00336  -0.02474  -0.00014   0.00009 203.71246  -5.37230
  0.03860 202.78950  19.04062   0.69996 -20.32484   4.99314 -125.00995 -12.26212   0.36772   1.09444  55.85919  -7.14918   0.00334  -0.02491   0.00003  -0.00008 203.68264  -5.36398
  0.03870 202.76266  19.00771   0.69990 -20.95386   4.96726 -123.14326 -12.27461   0.36847   1.09257  55.87941  -7.15163   0.00332  -0.02474  -0.00014   0.00009 203.65284  -5.35546
  0.03880 202.73591  18.97415   0.69984 -21.58032   4.94123 -121.27777 -12.28691   0.36922   1.09063  55.89962  -7.15409   0.00329  -0.02491   0.00003  -0.00008 203.62308  -5.34676
  0.03890 202.70924  18.93995   0.69979 -22.20893   4.91541 -119.41214 -12.29902   0.36996   1.08863  55.91984  -7.15655   0.00327  -0.02474  -0.00014   0.00009 203.59334  -5.33788
  0.03900 202.68266  18.90510   0.69974 -22.83497   4.88942 -117.54771 -12.31095   0.37070   1.08657  55.94005  -7.15902   0.00324  -0.02491   0.00003  -0.00008 203.56363  -5.32881
  0.03910 202.65616  18.86962   0.69970 -23.46318   4.86362 -115.68313 -12.32270   0.37143   1.08444  55.96025  -7.16149   0.00322  -0.02474  -0.00014   0.00009 203.53395  -5.31956
  0.03920 202.62974  18.83348   0.69967 -24.08883   4.83765 -113.81975 -12.33425   0.37215   1.08225  55.98045  -7.16398   0.00319  -0.02491   0.00003  -0.00008 203.50430  -5.31012
  0.03930 202.60340  18.79670   0.69964 -24.71663   4.81187 -111.95622 -12.34562   0.37287   1.07999  56.00065  -7.16647   0.00317  -0.02474  -0.00014   0.00009 203.47468  -5.30049
  0.03940 202.57715  18.75928   0.69962 -25.34189   4.78589 -110.09389 -12.35681   0.37357   1.07767  56.02084  -7.16896   0.00314  -0.02491   0.00003  -0.00008 203.44509  -5.29068
  0.03950 202.55099  18.72122   0.69960 -25.96931   4.76009 -108.23141 -12.36781   0.37428   1.07529  56.04103  -7.17147   0.00312  -0.02474  -0.00014   0.00009 203.41552  -5.28068
  0.03960 202.52490  18.68251   0.69959 -26.59418   4.73409 -106.37012 -12.37862   0.37497   1.07284  56.06122  -7.17398   0.00309  -0.02491   0.00003  -0.00008 203.38599  -5.27050
  0.03970 202.49890  18.64316   0.69958 -27.22122   4.70826 -104.50869 -12.38925   0.37566   1.07033  56.08140  -7.17650   0.00306  -0.02474  -0.00014   0.00009 203.35649  -5.26014
  0.03980 202.47298  18.60317   0.69958 -27.84572   4.68221 -102.64845 -12.39969   0.37634   1.06775  56.10158  -7.17902   0.00303  -0.02491   0.00003  -0.00008 203.32701  -5.24958
  0.03990 202.44714  18.56254   0.69958 -28.47238   4.65631 -100.78806 -12.40994   0.37702   1.06511  56.12175  -7.18155   0.00301  -0.02474  -0.00014   0.00009 203.29757  -5.23885
  0.04000 202.42139  18.52127   0.69959 -29.09651   4.63020 -98.92886 -12.42001   0.37769   1.06241  56.14192  -7.18409   0.00298  -0.02491   0.00003  -0.00008 203.26816  -5.22792
  0.04010 202.39571  18.47936   0.69960 -29.72281   4.60422 -97.06951 -12.42989   0.37835   1.05964  56.16209  -7.18664   0.00295  -0.02474  -0.00014   0.00009 203.23878  -5.21682
  0.04020 202.37012  18.43680   0.69961 -30.34658   4.57801 -95.21136 -12.43959   0.37900   1.05681  56.18225  -7.18919   0.00292  -0.02491   0.00003  -0.00008 203.20943  -5.20553
  0.04030 202.34461  18.39361   0.69963 -30.97253   4.55193 -93.35305 -12.44910   0.37965   1.05392  56.20241  -7.19175   0.00289  -0.02474  -0.00014   0.00009 203.18011  -5.19405
  0.04040 202.31919  18.34977   0.69965 -31.59595   4.52561 -91.49593 -12.45843   0.38029   1.05096  56.22257  -7.19432   0.00286  -0.02491   0.00003  -0.00008 203.15082  -5.18238
  0.04050 202.29384  18.30530   0.69967 -32.22155   4.49941 -89.63866 -12.46757   0.38093   1.04794  56.24272  -7.19690   0.00283  -0.02474  -0.00014   0.00009 203.12157  -5.17054
  0.04060 202.26857  18.26019   0.69970 -32.84463   4.47296 -87.78258 -12.47652   0.38156   1.04485  56.26287  -7.19948   0.00280  -0.02491   0.00003  -0.00008 203.09234  -5.15850
  0.04070 202.24339  18.21444   0.69972 -33.46989   4.44661 -85.92635 -12.48529   0.38218   1.04170  56.28301  -7.20207   0.00277  -0.02474  -0.00014   0.00009 203.06315  -5.14629
  0.04080 202.21828  18.16805   0.69975 -34.09264   4.41999 -84.07130 -12.49387   0.38279   1.03849  56.30315  -7.20466   0.00274  -0.02491   0.00003  -0.00008 203.03399  -5.13388
  0.04090 202.19326  18.12102   0.69978 -34.71757   4.39348 -82.21610 -12.50227   0.38340   1.03521  56.32329  -7.20726   0.00271  -0.02474  -0.00014   0.00009 203.00486  -5.12130
  0.04100 202.16831  18.07336   0.69981 -35.34000   4.36668 -80.36208 -12.51048   0.38400   1.03187  56.34342  -7.20987   0.00267  -0.02491   0.00003  -0.00008 202.97577  -5.10852
  0.04110 202.14344  18.02506   0.69985 -35.96461   4.33998 -78.50791 -12.51851   0.38460   1.02846  56.36355  -7.21249   0.00264  -0.02474  -0.00014   0.00009 202.94670  -5.09557
  0.04120 202.11866  17.97611   0.69988 -36.58672   4.31298 -76.65492 -12.52635   0.38519   1.02499  56.38367  -7.21511   0.00261  -0.02491   0.00003  -0.00008 202.91767  -5.08242
  0.04130 202.09395  17.92654   0.69991 -37.21103   4.28607 -74.80178 -12.53401   0.38577   1.02146  56.40379  -7.21774   0.00258  -0.02474  -0.00014   0.00009 202.88868  -5.06910
  0.04140 202.06932  17.87633   0.69995 -37.83284   4.25885 -72.94982 -12.54148   0.38635   1.01786  56.42391  -7.22038   0.00254  -0.02491   0.00003  -0.00008 202.85971  -5.05558
  0.04150 202.04477  17.82548   0.69998 -38.45685   4.23170 -71.09770 -12.54876   0.38692   1.01420  56.44402  -7.22303   0.00251  -0.02474  -0.00014   0.00009 202.83078  -5.04189
  0.04160 202.02030  17.77399   0.70001 -39.07836   4.20424 -69.24677 -12.55587   0.38748   1.01048  56.46413  -7.22568   0.00247  -0.02491   0.00003  -0.00008 202.80189  -5.02801
  0.04170 201.99590  17.72188   0.70004 -39.70208   4.17683 -67.39568 -12.56278   0.38803   1.00669  56.48423  -7.22833   0.00244  -0.02474  -0.00014   0.00009 202.77303  -5.01394
  0.04180 201.97159  17.66912   0.70007 -40.32332   4.14910 -65.54577 -12.56951   0.38858   1.00284  56.50434  -7.23100   0.00241  -0.02491   0.00003  -0.00008 202.74420  -4.99969
  0.04190 201.94735  17.61573   0.70010 -40.94676   4.12141 -63.69569 -12.57606   0.38913   0.99893  56.52443  -7.23367   0.00237  -0.02474  -0.00014   0.00009 202.71540  -4.98525
  0.04200 201.92318  17.56170   0.70013 -41.56772   4.09340 -61.84680 -12.58242   0.38966   0.99495  56.54453  -7.23635   0.00233  -0.02491   0.00003  -0.00008 202.68664  -4.97063
  0.04210 201.89910  17.50705   0.70015 -42.19089   4.06541 -59.99775 -12.58860   0.39019   0.99091  56.56462  -7.23904   0.00230  -0.02474  -0.00014   0.00009 202.65792  -4.95583
  0.04220 201.87509  17.45175   0.70017 -42.81160   4.03708 -58.14988 -12.59459   0.39071   0.98680  56.58470  -7.24173   0.00226  -0.02491   0.00003  -0.00008 202.62923  -4.94084
  0.04230 201.85115  17.39583   0.70019 -43.43451   4.00878 -56.30184 -12.60040   0.39123   0.98264  56.60479  -7.24443   0.00222  -0.02474  -0.00014   0.00009 202.60058  -4.92566
  0.04240 201.82730  17.33927   0.70021 -44.05497   3.98012 -54.45498 -12.60602   0.39174   0.97840  56.62486  -7.24714   0.00219  -0.02491   0.00003  -0.00008 202.57196  -4.91030
  0.04250 201.80351  17.28208   0.70022 -44.67764   3.95146 -52.60796 -12.61146   0.39224   0.97411  56.64494  -7.24985   0.00215  -0.02474  -0.00014   0.00009 202.54337  -4.89476
  0.04260 201.77980  17.22425   0.70023 -45.29786   3.92245 -50.76212 -12.61671   0.39274   0.96975  56.66501  -7.25257   0.00211  -0.02491   0.00003  -0.00008 202.51483  -4.87903
  0.04270 201.75617  17.16580   0.70023 -45.92030   3.89343 -48.91611 -12.62178   0.39323   0.96533  56.68508  -7.25530   0.00207  -0.02474  -0.00014   0.00009 202.48631  -4.86312
  0.04280 201.73261  17.10671   0.70023 -46.54029   3.86404 -47.07127 -12.62666   0.39371   0.96084  56.70514  -7.25804   0.00203  -0.02491   0.00003  -0.00008 202.45784  -4.84702
  0.04290 201.70912  17.04699   0.70022 -47.16250   3.83463 -45.22627 -12.63136   0.39419   0.95629  56.72520  -7.26078   0.00200  -0.02474  -0.00014   0.00009 202.42940  -4.83074
  0.04300 201.68571  16.98664   0.70020 -47.78228   3.80484 -43.38245 -12.63588   0.39466   0.95168  56.74525  -7.26353   0.00196  -0.02491   0.00003  -0.00008 202.40099  -4.81428
  0.04310 201.66237  16.92566   0.70018 -48.40429   3.77503 -41.53846 -12.64021   0.39512   0.94700  56.76530  -7.26628   0.00192  -0.02474  -0.00014   0.00009 202.37263  -4.79763
  0.04320 201.63910  16.86404   0.70016 -49.02387   3.74482 -39.69564 -12.64436   0.39558   0.94226  56.78535  -7.26905   0.00188  -0.02491   0.00003  -0.00008 202.34430  -4.78079
  0.04330 201.61591  16.80180   0.70012 -49.64568   3.71457 -37.85265 -12.64832   0.39603   0.93745  56.80540  -7.27182   0.00183  -0.02474  -0.00014   0.00009 202.31600  -4.76378
  0.04340 201.59279  16.73892   0.70008 -50.26507   3.68391 -36.01083 -12.65210   0.39648   0.93259  56.82544  -7.27459   0.00179  -0.02491   0.00003  -0.00008 202.28775  -4.74657
  0.04350 201.56973  16.67542   0.70004 -50.88670   3.65321 -34.16885 -12.65569   0.39691   0.92766  56.84547  -7.27738   0.00175  -0.02474  -0.00014   0.00009 202.25953  -4.72918
  0.04360 201.54675  16.61129   0.69998 -51.50592   3.62209 -32.32804 -12.65910   0.39734   0.92266  56.86551  -7.28017   0.00171  -0.02491   0.00003  -0.00008 202.23135  -4.71161
  0.04370 201.52384  16.54653   0.69991 -52.12738   3.59091 -30.48705 -12.66233   0.39777   0.91760  56.88553  -7.28296   0.00167  -0.02474  -0.00014   0.00009 202.20321  -4.69386
  0.04380 201.50100  16.48113   0.69984 -52.74643   3.55930 -28.64724 -12.66537   0.39819   0.91248  56.90556  -7.28577   0.00163  -0.02491   0.00003  -0.00008 202.17510  -4.67592
  0.04390 201.47823  16.41511   0.69976 -53.36774   3.52762 -26.80725 -12.66823   0.39860   0.90730  56.92558  -7.28858   0.00158  -0.02474  -0.00014   0.00009 202.14703  -4.65779
  0.04400 201.45553  16.34846   0.69966 -53.98664   3.49550 -24.96844 -12.67091   0.39900   0.90205  56.94560  -7.29140   0.00154  -0.02491   0.00003  -0.00008 202.11900  -4.63948
  0.04410 201.43290  16.28119   0.69956 -54.60781   3.46330 -23.12945 -12.67340   0.39940   0.89674  56.96561  -7.29422   0.00150  -0.02474  -0.00014   0.00009 202.09102  -4.62099
  0.04420 201.41033  16.21328   0.69944 -55.22658   3.43065 -21.29162 -12.67570   0.39979   0.89137  56.98562  -7.29706   0.00145  -0.02491   0.00003  -0.00008 202.06306  -4.60232
  0.04430 201.38784  16.14475   0.69932 -55.84762   3.39791 -19.45363 -12.67783   0.40018   0.88593  57.00563  -7.29989   0.00141  -0.02474  -0.00014   0.00009 202.03515  -4.58346
  0.04440 201.36541  16.07559   0.69918 -56.46628   3.36470 -17.61679 -12.67977   0.40056   0.88043  57.02563  -7.30274   0.00136  -0.02491   0.00003  -0.00008 202.00728  -4.56441
  0.04450 201.34305  16.00581   0.69903 -57.08721   3.33139 -15.77979 -12.68152   0.40093   0.87486  57.04563  -7.30559   0.00132  -0.02474  -0.00014   0.00009 201.97945  -4.54518
  0.04460 201.32075  15.93540   0.69887 -57.70576   3.29760 -13.94395 -12.68310   0.40130   0.86923  57.06562  -7.30845   0.00127  -0.02491   0.00003  -0.00008 201.95165  -4.52577
  0.04470 201.29852  15.86436   0.69869 -58.32659   3.26370 -12.10793 -12.68449   0.40166   0.86354  57.08561  -7.31132   0.00123  -0.02474  -0.00014   0.00009 201.92390  -4.50617
  0.04480 201.27636  15.79269   0.69850 -58.94506   3.22932 -10.27308 -12.68569   0.40201   0.85779  57.10560  -7.31419   0.00118  -0.02491   0.00003  -0.00008 201.89618  -4.48639
  0.04490 201.25426  15.72041   0.69830 -59.56581   3.19480  -8.43805 -12.68671   0.40236   0.85197  57.12558  -7.31707   0.00113  -0.02474  -0.00014   0.00009 201.86851  -4.46643
  0.04500 201.23222  15.64749   0.69808 -60.18421   3.15980  -6.60418 -12.68755   0.40270   0.84609  57.14556  -7.31996   0.00109  -0.02491   0.00003  -0.00008 201.84087  -4.44628
  0.04510 201.21025  15.57395   0.69785 -60.80490   3.12465  -4.77013 -12.68821   0.40303   0.84014  57.16554  -7.32286   0.00104  -0.02474  -0.00014   0.00009 201.81328  -4.42595
  0.04520 201.18834  15.49978   0.69760 -61.42324   3.08899  -2.93725 -12.68868   0.40336   0.83413  57.18551  -7.32576   0.00099  -0.02491   0.00003  -0.00008 201.78573  -4.40543
  0.04530 201.16650  15.42500   0.69734 -62.04389   3.05319  -1.10418 -12.68897   0.40368   0.82806  57.20548  -7.32866   0.00094  -0.02474  -0.00014   0.00009 201.75822  -4.38473
  0.04540 201.14472  15.34958   0.69705 -62.66219   3.01686   0.72772 -12.68908   0.40399   0.82192  57.22544  -7.33158   0.00089  -0.02491   0.00003  -0.00008 201.73074  -4.36385
  0.04550 201.12300  15.27355   0.69676 -63.28281   2.98037   2.55981 -12.68900   0.40430   0.81573  57.24540  -7.33450   0.00084  -0.02474  -0.00014   0.00009 201.70332  -4.34278
  0.04560 201.10134  15.19688   0.69644 -63.90110   2.94336   4.39073 -12.68874   0.40460   0.80946  57.26536  -7.33743   0.00080  -0.02491   0.00003  -0.00008 201.67593  -4.32153
  0.04570 201.07974  15.11960   0.69611 -64.52170   2.90616   6.22184 -12.68830   0.40490   0.80314  57.28531  -7.34037   0.00075  -0.02474  -0.00014   0.00009 201.64858  -4.30010
  0.04580 201.05821  15.04169   0.69575 -65.13999   2.86843   8.05179 -12.68767   0.40519   0.79675  57.30526  -7.34331   0.00070  -0.02491   0.00003  -0.00008 201.62128  -4.27848
  0.04590 201.03673  14.96316   0.69538 -65.76060   2.83051   9.88192 -12.68686   0.40547   0.79030  57.32520  -7.34626   0.00064  -0.02474  -0.00014   0.00009 201.59401  -4.25668
  0.04600 201.01531  14.88401   0.69499 -66.37891   2.79204  11.71090 -12.68587   0.40575   0.78378  57.34514  -7.34922   0.00059  -0.02491   0.00003  -0.00008 201.56679  -4.23469
  0.04610 200.99395  14.80423   0.69458 -66.99954   2.75337  13.54006 -12.68469   0.40602   0.77720  57.36508  -7.35218   0.00054  -0.02474  -0.00014   0.00009 201.53961  -4.21252
  0.04620 200.97265  14.72383   0.69414 -67.61789   2.71413  15.36807 -12.68334   0.40628   0.77056  57.38502  -7.35515   0.00049  -0.02491   0.00003  -0.00008 201.51248  -4.19017
  0.04630 200.95141  14.64282   0.69369 -68.23857   2.67469  17.19625 -12.68180   0.40654   0.76386  57.40495  -7.35813   0.00044  -0.02474  -0.00014   0.00009 201.48539  -4.16763
  0.04640 200.93022  14.56117   0.69321 -68.85698   2.63466  19.02329 -12.68007   0.40679   0.75709  57.42487  -7.36111   0.00039  -0.02491   0.00003  -0.00008 201.45834  -4.14491
  0.04650 200.90909  14.47892   0.69271 -69.47773   2.59442  20.85051 -12.67817   0.40703   0.75026  57.44479  -7.36410   0.00033  -0.02474  -0.00014   0.00009 201.43133  -4.12201
  0.04660 200.88801  14.39603   0.69219 -70.09621   2.55358  22.67658 -12.67608   0.40727   0.74336  57.46471  -7.36710   0.00028  -0.02491   0.00003  -0.00008 201.40437  -4.09892
  0.04670 200.86700  14.31253   0.69164 -70.71705   2.51252  24.50284 -12.67381   0.40750   0.73640  57.48463  -7.37010   0.00023  -0.02474  -0.00014   0.00009 201.37745  -4.07565
  0.04680 200.84603  14.22841   0.69107 -71.33564   2.47085  26.32794 -12.67135   0.40773   0.72938  57.50454  -7.37312   0.00017  -0.02491   0.00003  -0.00008 201.35057  -4.05220
  0.04690 200.82512  14.14366   0.69048 -71.95659   2.42893  28.15323 -12.66872   0.40795   0.72229  57.52445  -7.37613   0.00012  -0.02474  -0.00014   0.00009 201.32374  -4.02856
  0.04700 200.80426  14.05830   0.68985 -72.57529   2.38640  29.97737 -12.66590   0.40816   0.71514  57.54435  -7.37916   0.00006  -0.02491   0.00003  -0.00008 201.29695  -4.00474
  0.04710 200.78346  13.97232   0.68921 -73.19637   2.34361  31.80170 -12.66290   0.40836   0.70793  57.56425  -7.38219   0.00001  -0.02474  -0.00014   0.00009 201.27021  -3.98074
  0.04720 200.76270  13.88572   0.68853 -73.81522   2.30020  33.62488 -12.65972   0.40856   0.70066  57.58415  -7.38523  -0.00005  -0.02491   0.00003  -0.00008 201.24351  -3.95655
  0.04730 200.74200  13.79850   0.68783 -74.43646   2.25652  35.44825 -12.65635   0.40876   0.69332  57.60404  -7.38828  -0.00010  -0.02474  -0.00014   0.00009 201.21686  -3.93218
  0.04740 200.72135  13.71066   0.68710 -75.05548   2.21219  37.27048 -12.65281   0.40894   0.68591  57.62393  -7.39133  -0.00016  -0.02491   0.00003  -0.00008 201.19025  -3.90763
  0.04750 200.70075  13.62220   0.68634 -75.67690   2.16759  39.09289 -12.64908   0.40913   0.67845  57.64381  -7.39439  -0.00022  -0.02474  -0.00014   0.00009 201.16369  -3.88289
  0.04760 200.68020  13.53313   0.68555 -76.29611   2.12233  40.91415 -12.64516   0.40930   0.67092  57.66369  -7.39746  -0.00027  -0.02491   0.00003  -0.00008 201.13717  -3.85797
  0.04770 200.65970  13.44343   0.68473 -76.91773   2.07677  42.73561 -12.64107   0.40947   0.66333  57.68357  -7.40053  -0.00033  -0.02474  -0.00014   0.00009 201.11069  -3.83287
  0.04780 200.63925  13.35312   0.68388 -77.53716   2.03056  44.55592 -12.63679   0.40963   0.65567  57.70344  -7.40361  -0.00039  -0.02491   0.00003  -0.00008 201.08427  -3.80758
  0.04790 200.61884  13.26220   0.68300 -78.15902   1.98403  46.37642 -12.63234   0.40979   0.64795  57.72331  -7.40670  -0.00045  -0.02474  -0.00014   0.00009 201.05788  -3.78212
  0.04800 200.59849  13.17065   0.68208 -78.77869   1.93683  48.19578 -12.62770   0.40994   0.64017  57.74318  -7.40979  -0.00051  -0.02491   0.00003  -0.00008 201.03155  -3.75646
  0.04810 200.57817  13.07849   0.68114 -79.40080   1.88930  50.01533 -12.62288   0.41008   0.63232  57.76304  -7.41289  -0.00057  -0.02474  -0.00014   0.00009 201.00526  -3.73063
  0.04820 200.55791  12.98571   0.68016 -80.02075   1.84109  51.83374 -12.61787   0.41022   0.62441  57.78290  -7.41600  -0.00063  -0.02491   0.00003  -0.00008 200.97902  -3.70461
  0.04830 200.53769  12.89232   0.67914 -80.64314   1.79253  53.65234 -12.61269   0.41035   0.61644  57.80276  -7.41912  -0.00069  -0.02474  -0.00014   0.00009 200.95282  -3.67841
  0.04840 200.51751  12.79831   0.67809 -81.26339   1.74328  55.46980 -12.60732   0.41047   0.60840  57.82261  -7.42224  -0.00075  -0.02491   0.00003  -0.00008 200.92667  -3.65203
  0.04850 200.49738  12.70369   0.67701 -81.88609   1.69367  57.28746 -12.60177   0.41059   0.60030  57.84246  -7.42537  -0.00081  -0.02474  -0.00014   0.00009 200.90057  -3.62546
  0.04860 200.47728  12.60844   0.67589 -82.50667   1.64335  59.10397 -12.59604   0.41070   0.59214  57.86230  -7.42850  -0.00087  -0.02491   0.00003  -0.00008 200.87452  -3.59871
  0.04870 200.45724  12.51259   0.67473 -83.12972   1.59267  60.92068 -12.59013   0.41081   0.58391  57.88214  -7.43164  -0.00093  -0.02474  -0.00014   0.00009 200.84851  -3.57178
  0.04880 200.43723  12.41612   0.67353 -83.75065   1.54126  62.73625 -12.58404   0.41091   0.57562  57.90198  -7.43479  -0.00099  -0.02491   0.00003  -0.00008 200.82255  -3.54467
  0.04890 200.41726  12.31903   0.67230 -84.37407   1.48947  64.55201 -12.57776   0.41100   0.56726  57.92181  -7.43795  -0.00105  -0.02474  -0.00014   0.00009 200.79664  -3.51737
  0.04900 200.39734  12.22133   0.67102 -84.99539   1.43693  66.36664 -12.57131   0.41109   0.55884  57.94164  -7.44111  -0.00112  -0.02491   0.00003  -0.00008 200.77077  -3.48989
  0.04910 200.37745  12.12302   0.66971 -85.61922   1.38401  68.18145 -12.56467   0.41117   0.55036  57.96146  -7.44428  -0.00118  -0.02474  -0.00014   0.00009 200.74496  -3.46223
  0.04920 200.35760  12.02409   0.66835 -86.24097   1.33032  69.99514 -12.55785   0.41124   0.54182  57.98128  -7.44746  -0.00124  -0.02491   0.00003  -0.00008 200.71919  -3.43438
  0.04930 200.33779  11.92456   0.66695 -86.86523   1.27623  71.80902 -12.55085   0.41131   0.53321  58.00110  -7.45064  -0.00131  -0.02474  -0.00014   0.00009 200.69347  -3.40635
  0.04940 200.31802  11.82440   0.66551 -87.48743   1.22137  73.62176 -12.54367   0.41137   0.52453  58.02092  -7.45383  -0.00137  -0.02491   0.00003  -0.00008 200.66780  -3.37814
  0.04950 200.29828  11.72364   0.66403 -88.11217   1.16608  75.43470 -12.53630   0.41143   0.51580  58.04073  -7.45703  -0.00144  -0.02474  -0.00014   0.00009 200.64218  -3.34975
  0.04960 200.27858  11.62226   0.66250 -88.73486   1.11001  77.24651 -12.52876   0.41148   0.50700  58.06053  -7.46023  -0.00150  -0.02491   0.00003  -0.00008 200.61661  -3.32118
  0.04970 200.25891  11.52027   0.66092 -89.36011   1.05351  79.05851 -12.52103   0.41152   0.49813  58.08034  -7.46344  -0.00157  -0.02474  -0.00014   0.00009 200.59109  -3.29242
  0.04980 200.23928  11.41766   0.65930 -89.98333   0.99620  80.86938 -12.51313   0.41156   0.48920  58.10014  -7.46666  -0.00163  -0.02491   0.00003  -0.00008 200.56561  -3.26348
  0.04990 200.21968  11.31445   0.65763 -90.60912   0.93843  82.68044 -12.50504   0.41159   0.48021  58.11993  -7.46988  -0.00170  -0.02474  -0.00014   0.00009 200.54019  -3.23436
  0.05000 200.20011  11.21062   0.65592 -91.23290   0.87986  84.49038 -12.49677   0.41162   0.47116  58.13972  -7.47311  -0.00177  -0.02491   0.00003  -0.00008 200.51482  -3.20505
  0.05010 200.18057  11.10619   0.65415 -91.85928   0.82081  86.30051 -12.48832   0.41164   0.46204  58.15951  -7.47635  -0.00184  -0.02474  -0.00014   0.00009 200.48950  -3.17556
